  
  
(24 ,  17)
(39 ,  59)
  
  
(32 ,  50)
  
(9 ,  48)
  
(51 ,  68)
  
(40 ,  22)
  
  
(24 ,  50)
(53 ,  30)
(25 ,  54)
(17 ,  37)
  
  
(39 ,  3)
(18 ,  2)
(55 ,  5)
(32 ,  43)
(35 ,  33)
(67 ,  13)
(7 ,  2)
(63 ,  55)
(22 ,  59)
  
(21 ,  50)
  
  
  
  
(1 ,  19)
  
  
(61 ,  10)
  
  
  
  
  
(9 ,  51)
  
(62 ,  4)
  
  
  
  
  
(10 ,  50)
(64 ,  18)
(13 ,  40)
  
  
(45 ,  4)
(28 ,  33)
  
(50 ,  32)
(43 ,  16)
(43 ,  42)
(14 ,  0)
(15 ,  6)
  
(8 ,  66)
(47 ,  68)
  
(29 ,  46)
  
  
(9 ,  17)
(42 ,  7)
(36 ,  18)
  
(0 ,  7)
(65 ,  11)
(38 ,  8)
(11 ,  60)
(30 ,  42)
  
(3 ,  7)
  
(10 ,  55)
  
(68 ,  24)
  
  
(62 ,  65)
(13 ,  8)
(30 ,  5)
  
(36 ,  4)
(31 ,  6)
(24 ,  31)
(5 ,  26)
(29 ,  11)
(45 ,  14)
(17 ,  25)
(9 ,  7)
  
  
(14 ,  44)
  
(66 ,  40)
(60 ,  31)
  
(31 ,  47)
  
(60 ,  2)
  
  
(30 ,  66)
  
  
(8 ,  4)
(33 ,  33)
  
(43 ,  2)
(41 ,  38)
  
  
  
(62 ,  37)
  
  
  
(22 ,  55)
  
  
(30 ,  52)
(43 ,  50)
  
(9 ,  49)
  
(63 ,  6)
(18 ,  5)
  
(23 ,  61)
(44 ,  39)
(55 ,  35)
(30 ,  25)
  
(5 ,  62)
(39 ,  64)
  
  
(60 ,  10)
(29 ,  45)
  
(44 ,  17)
(28 ,  29)
  
  
  
(18 ,  19)
(62 ,  59)
  
(12 ,  42)
  
(40 ,  63)
(35 ,  1)
  
(39 ,  5)
(52 ,  36)
(36 ,  38)
  
(27 ,  31)
  
  
  
(26 ,  40)
(51 ,  61)
  
  
(39 ,  33)
(18 ,  42)
(26 ,  39)
  
  
  
  
  
  
(18 ,  11)
  
(30 ,  62)
(52 ,  48)
  
  
  
(17 ,  49)
(0 ,  30)
  
  
  
  
(16 ,  23)
  
  
(65 ,  12)
(34 ,  31)
(19 ,  64)
  
  
  
(13 ,  37)
(35 ,  47)
  
(10 ,  26)
(17 ,  48)
  
  
(9 ,  19)
  
(13 ,  61)
(44 ,  38)
(34 ,  14)
(66 ,  21)
  
  
  
  
  
(44 ,  31)
(20 ,  41)
(58 ,  25)
(56 ,  44)
  
  
(16 ,  48)
  
(36 ,  60)
(67 ,  38)
  
  
  
  
(37 ,  17)
  
  
(47 ,  53)
  
(59 ,  53)
(51 ,  64)
(50 ,  35)
  
(20 ,  53)
  
(3 ,  26)
  
(37 ,  5)
  
  
  
  
(56 ,  59)
(67 ,  51)
  
(41 ,  42)
(58 ,  22)
  
  
(56 ,  66)
  
(41 ,  64)
  
  
(48 ,  21)
  
(63 ,  5)
  
  
(8 ,  57)
(10 ,  65)
  
  
(6 ,  17)
  
  
  
(20 ,  2)
(37 ,  0)
(47 ,  66)
  
  
  
(49 ,  64)
  
  
  
(3 ,  0)
  
(62 ,  63)
(65 ,  45)
(50 ,  4)
  
(42 ,  45)
(31 ,  25)
  
  
(63 ,  52)
(8 ,  61)
  
(48 ,  58)
  
(8 ,  47)
(47 ,  27)
(16 ,  27)
(36 ,  51)
(24 ,  38)
  
(61 ,  24)
(63 ,  32)
  
(13 ,  45)
  
(15 ,  37)
(20 ,  64)
(26 ,  60)
(51 ,  43)
(62 ,  26)
  
  
(45 ,  29)
(7 ,  53)
  
  
  
(42 ,  40)
(20 ,  55)
(50 ,  47)
(20 ,  46)
  
(67 ,  29)
  
(48 ,  49)
(41 ,  68)
(31 ,  10)
(28 ,  24)
  
(64 ,  44)
  
(20 ,  20)
  
  
(63 ,  54)
  
  
  
  
  
(67 ,  17)
  
  
  
(13 ,  47)
(7 ,  28)
  
  
  
  
(35 ,  23)
  
  
  
(19 ,  25)
  
(15 ,  48)
  
  
(55 ,  4)
(52 ,  34)
(16 ,  14)
(0 ,  23)
  
  
  
(12 ,  27)
  
  
(52 ,  35)
(66 ,  27)
  
(65 ,  28)
  
(5 ,  55)
  
  
(43 ,  36)
(28 ,  63)
  
(20 ,  66)
(16 ,  52)
  
(2 ,  54)
  
  
(31 ,  53)
(22 ,  58)
(43 ,  33)
(50 ,  21)
  
(60 ,  3)
  
(1 ,  22)
  
  
  
  
(13 ,  46)
  
  
  
(38 ,  36)
  
  
(49 ,  21)
(24 ,  5)
(51 ,  56)
(15 ,  24)
  
  
(0 ,  37)
  
  
(24 ,  13)
  
  
  
(62 ,  68)
  
(8 ,  18)
(9 ,  33)
  
  
(9 ,  58)
(16 ,  60)
  
(10 ,  25)
(32 ,  18)
(44 ,  48)
(62 ,  6)
(66 ,  16)
  
  
(4 ,  1)
  
  
(54 ,  48)
  
  
  
(43 ,  48)
(26 ,  22)
(54 ,  20)
(14 ,  27)
  
(21 ,  12)
(45 ,  3)
  
(16 ,  2)
(67 ,  66)
(2 ,  9)
(33 ,  20)
(58 ,  35)
  
(34 ,  22)
  
  
  
  
  
(11 ,  29)
  
  
(36 ,  21)
  
  
  
  
  
  
(59 ,  24)
  
(2 ,  5)
  
(23 ,  9)
  
  
  
  
  
(6 ,  48)
(60 ,  63)
(47 ,  51)
(37 ,  38)
  
(57 ,  64)
  
(16 ,  30)
(67 ,  1)
  
(36 ,  25)
  
  
  
  
(13 ,  56)
(11 ,  61)
(46 ,  56)
(64 ,  28)
(36 ,  53)
(55 ,  58)
(21 ,  7)
(48 ,  68)
  
  
(10 ,  28)
  
  
(33 ,  43)
  
  
  
  
  
  
(34 ,  66)
  
  
  
  
(64 ,  51)
(35 ,  35)
  
(7 ,  9)
(17 ,  3)
  
  
  
(9 ,  53)
(6 ,  37)
(49 ,  40)
  
  
  
(46 ,  6)
  
(31 ,  57)
(15 ,  13)
  
(23 ,  41)
  
(65 ,  38)
(5 ,  31)
(29 ,  68)
(55 ,  54)
(33 ,  64)
  
  
  
  
(4 ,  67)
  
(2 ,  26)
  
(65 ,  32)
(63 ,  16)
  
(45 ,  46)
  
  
(51 ,  44)
(15 ,  66)
  
(13 ,  39)
(47 ,  26)
  
(13 ,  64)
(47 ,  41)
  
(33 ,  13)
(27 ,  2)
(9 ,  45)
  
  
(2 ,  53)
  
(52 ,  62)
(18 ,  61)
  
(0 ,  49)
  
(46 ,  25)
  
  
  
(47 ,  47)
  
  
(29 ,  42)
  
(64 ,  24)
  
(11 ,  7)
(0 ,  6)
(56 ,  20)
  
  
(65 ,  21)
  
(58 ,  4)
  
  
  
(32 ,  68)
(17 ,  50)
(42 ,  13)
  
  
(64 ,  8)
  
  
(61 ,  29)
  
(65 ,  31)
(32 ,  14)
  
(16 ,  63)
  
  
(24 ,  32)
(30 ,  46)
(58 ,  48)
  
  
  
  
  
(16 ,  61)
(2 ,  29)
  
(3 ,  58)
  
  
(41 ,  15)
(25 ,  35)
  
  
  
(37 ,  47)
(6 ,  32)
  
(40 ,  40)
  
  
(37 ,  65)
(11 ,  10)
(64 ,  15)
  
  
(11 ,  11)
(50 ,  58)
  
  
(12 ,  45)
  
(36 ,  14)
  
(1 ,  66)
(40 ,  8)
(42 ,  62)
  
  
  
  
  
  
(34 ,  9)
(24 ,  16)
  
  
  
(21 ,  34)
  
  
  
  
(7 ,  32)
  
(24 ,  42)
(36 ,  68)
  
(13 ,  54)
  
  
(17 ,  42)
(0 ,  48)
  
(8 ,  38)
(38 ,  38)
(30 ,  44)
(23 ,  3)
  
(9 ,  5)
  
(19 ,  14)
(46 ,  42)
(55 ,  3)
(15 ,  51)
  
(53 ,  11)
  
  
(0 ,  45)
(60 ,  38)
  
(24 ,  65)
(66 ,  52)
  
(59 ,  64)
  
(51 ,  32)
(5 ,  48)
  
  
(30 ,  33)
(61 ,  34)
  
  
  
(10 ,  12)
(8 ,  14)
  
  
  
  
(30 ,  54)
(42 ,  49)
  
  
  
  
(12 ,  10)
  
(36 ,  42)
(13 ,  16)
  
(41 ,  2)
  
(28 ,  16)
(64 ,  17)
(32 ,  54)
(36 ,  16)
(62 ,  48)
  
(20 ,  25)
  
  
(26 ,  31)
(23 ,  56)
  
  
(13 ,  31)
(60 ,  68)
(37 ,  54)
(34 ,  62)
  
  
(48 ,  67)
  
(44 ,  9)
  
(57 ,  21)
  
  
(9 ,  43)
(40 ,  62)
(39 ,  0)
  
  
(35 ,  38)
  
  
  
  
  
(43 ,  17)
  
  
  
(36 ,  59)
(40 ,  13)
  
  
  
(18 ,  46)
  
  
(45 ,  52)
  
(17 ,  46)
  
(68 ,  26)
(42 ,  22)
(57 ,  8)
  
(55 ,  24)
  
  
  
(59 ,  59)
(7 ,  6)
(4 ,  47)
  
(10 ,  66)
(9 ,  41)
  
(66 ,  7)
(62 ,  15)
  
(13 ,  4)
  
(55 ,  7)
  
(2 ,  14)
  
  
  
  
(68 ,  16)
(0 ,  39)
  
  
  
(6 ,  46)
  
  
  
  
(48 ,  15)
  
(14 ,  61)
(3 ,  53)
  
  
  
  
  
(55 ,  59)
(22 ,  13)
  
  
  
(48 ,  28)
  
  
(42 ,  63)
  
  
(33 ,  12)
(30 ,  32)
  
(56 ,  4)
  
  
  
(64 ,  48)
(28 ,  64)
  
  
(16 ,  65)
(49 ,  46)
  
(19 ,  46)
(9 ,  42)
(51 ,  0)
(16 ,  56)
  
  
  
(9 ,  0)
(68 ,  34)
(7 ,  4)
  
(34 ,  56)
(55 ,  65)
(56 ,  12)
  
(48 ,  56)
  
  
(46 ,  49)
(22 ,  50)
(62 ,  27)
  
  
(55 ,  67)
(46 ,  68)
  
(3 ,  50)
(53 ,  18)
(54 ,  59)
  
  
(29 ,  49)
(18 ,  40)
  
  
(9 ,  15)
  
  
  
  
(27 ,  8)
(14 ,  31)
(28 ,  10)
(55 ,  9)
  
  
  
  
(20 ,  36)
(58 ,  52)
  
  
  
(9 ,  11)
(17 ,  57)
(4 ,  23)
(19 ,  10)
  
  
  
(15 ,  47)
(47 ,  45)
  
  
(62 ,  38)
(26 ,  66)
  
(66 ,  2)
  
  
  
  
(5 ,  21)
  
(4 ,  11)
(4 ,  52)
  
(30 ,  11)
(30 ,  39)
(44 ,  27)
(33 ,  2)
(24 ,  29)
  
  
(1 ,  6)
(63 ,  63)
  
  
  
  
(56 ,  5)
  
(19 ,  60)
(33 ,  58)
(25 ,  48)
(50 ,  63)
  
  
  
(50 ,  50)
  
(64 ,  6)
  
(7 ,  47)
  
  
  
  
(21 ,  38)
  
  
(28 ,  37)
(51 ,  47)
(21 ,  32)
  
(44 ,  44)
(44 ,  19)
  
(62 ,  5)
  
  
(61 ,  58)
  
  
(54 ,  58)
  
(46 ,  44)
  
(5 ,  38)
  
  
  
  
  
(1 ,  42)
(33 ,  68)
  
  
(42 ,  36)
(8 ,  45)
  
(30 ,  13)
  
  
(60 ,  50)
  
  
  
(22 ,  49)
  
(13 ,  30)
(40 ,  59)
  
  
(42 ,  47)
  
  
  
  
  
  
(0 ,  2)
(39 ,  18)
  
(67 ,  63)
(55 ,  18)
  
  
  
  
  
  
  
(63 ,  41)
(24 ,  8)
(23 ,  63)
(56 ,  26)
(10 ,  40)
(48 ,  55)
  
(67 ,  7)
  
(43 ,  47)
  
(22 ,  26)
  
(47 ,  1)
  
  
  
(26 ,  58)
  
(40 ,  33)
  
(60 ,  12)
  
(23 ,  18)
  
(18 ,  54)
  
  
  
  
  
(12 ,  57)
  
  
(3 ,  13)
(49 ,  53)
(53 ,  10)
  
  
  
  
  
(60 ,  56)
  
  
  
(18 ,  65)
(6 ,  12)
(44 ,  2)
  
  
  
  
(4 ,  6)
  
  
(15 ,  5)
(22 ,  37)
(55 ,  30)
(2 ,  8)
  
(41 ,  66)
(32 ,  5)
(49 ,  7)
(65 ,  39)
  
  
  
  
  
(15 ,  49)
  
  
(4 ,  12)
(64 ,  2)
(63 ,  15)
(44 ,  5)
(23 ,  55)
  
  
  
(16 ,  1)
(20 ,  37)
  
  
(49 ,  66)
(28 ,  42)
(66 ,  60)
  
  
(27 ,  60)
(50 ,  5)
(46 ,  41)
  
  
(22 ,  21)
  
(57 ,  51)
  
  
(58 ,  59)
  
  
  
(27 ,  3)
  
  
(18 ,  22)
  
(29 ,  28)
  
  
  
(23 ,  22)
  
  
(29 ,  33)
  
  
  
  
  
(35 ,  67)
  
  
(42 ,  44)
(6 ,  51)
  
  
  
  
  
  
(27 ,  14)
  
(52 ,  14)
  
  
(34 ,  50)
  
  
  
  
  
  
  
  
(43 ,  24)
(12 ,  2)
  
  
(24 ,  61)
(1 ,  38)
  
(62 ,  1)
  
  
(66 ,  22)
  
  
(36 ,  34)
(51 ,  39)
  
  
(20 ,  42)
  
  
  
(36 ,  33)
  
  
  
  
(35 ,  40)
  
  
  
  
  
  
(64 ,  27)
(0 ,  43)
(43 ,  26)
  
  
(8 ,  46)
(65 ,  67)
  
(39 ,  8)
(38 ,  45)
(19 ,  9)
(20 ,  58)
(59 ,  36)
(21 ,  67)
(0 ,  59)
  
(6 ,  60)
  
  
(18 ,  67)
(52 ,  58)
  
(18 ,  7)
(18 ,  4)
  
(13 ,  59)
  
(13 ,  41)
  
(34 ,  40)
  
  
  
(22 ,  32)
  
  
  
(4 ,  15)
(11 ,  12)
(63 ,  8)
(9 ,  54)
  
(33 ,  66)
  
(23 ,  12)
  
(14 ,  39)
  
(53 ,  7)
  
(4 ,  32)
(41 ,  8)
  
(65 ,  46)
  
  
  
  
(56 ,  25)
  
  
  
(59 ,  28)
  
(43 ,  58)
(49 ,  2)
  
  
(47 ,  7)
  
  
(30 ,  1)
  
  
  
(64 ,  11)
  
  
  
  
(40 ,  45)
(12 ,  30)
  
(41 ,  55)
  
  
  
(53 ,  68)
  
  
  
(57 ,  44)
(36 ,  1)
(49 ,  27)
(55 ,  52)
  
  
(66 ,  37)
(47 ,  35)
(3 ,  10)
(29 ,  1)
(16 ,  51)
  
(48 ,  66)
  
  
  
  
(7 ,  59)
(44 ,  49)
  
(25 ,  22)
(14 ,  21)
(42 ,  67)
  
  
  
(52 ,  3)
(67 ,  68)
(14 ,  26)
(2 ,  12)
  
  
(43 ,  34)
  
(48 ,  32)
  
  
(4 ,  33)
  
  
(0 ,  15)
  
(38 ,  1)
(11 ,  13)
(52 ,  43)
(62 ,  45)
  
(1 ,  10)
(23 ,  31)
(63 ,  19)
(12 ,  47)
  
(20 ,  57)
(59 ,  16)
  
(33 ,  46)
(38 ,  28)
(57 ,  57)
(18 ,  30)
  
(48 ,  37)
(53 ,  38)
(30 ,  43)
  
  
(61 ,  45)
  
(63 ,  4)
  
(12 ,  51)
(59 ,  18)
  
(1 ,  27)
  
(53 ,  67)
(60 ,  52)
(9 ,  31)
(49 ,  57)
  
  
(41 ,  56)
  
  
  
  
(48 ,  40)
  
  
(6 ,  43)
(33 ,  1)
(29 ,  25)
(4 ,  24)
  
  
(5 ,  27)
  
(0 ,  11)
  
  
(6 ,  47)
(62 ,  47)
(38 ,  67)
(26 ,  67)
  
  
(0 ,  41)
  
(50 ,  55)
  
(0 ,  54)
  
  
  
(56 ,  36)
(36 ,  28)
  
  
(21 ,  46)
(49 ,  0)
(17 ,  61)
  
(16 ,  10)
  
  
(39 ,  50)
(8 ,  10)
  
  
(12 ,  8)
  
  
  
  
  
  
(18 ,  25)
  
  
(35 ,  15)
  
(66 ,  55)
  
(9 ,  21)
  
  
  
(19 ,  65)
  
(31 ,  18)
  
(67 ,  31)
  
(53 ,  9)
  
(55 ,  56)
(50 ,  7)
  
(12 ,  52)
(42 ,  4)
  
  
  
(59 ,  62)
  
  
  
  
(1 ,  39)
  
  
(32 ,  39)
(45 ,  42)
  
  
(60 ,  15)
  
(63 ,  44)
  
  
(32 ,  53)
(36 ,  37)
  
(39 ,  27)
  
  
  
(49 ,  25)
  
(15 ,  62)
(58 ,  23)
(57 ,  39)
  
  
  
  
(26 ,  63)
(40 ,  19)
  
(32 ,  42)
  
(65 ,  53)
(51 ,  5)
  
(27 ,  33)
(6 ,  16)
  
  
(51 ,  36)
  
  
(2 ,  49)
  
  
  
  
(24 ,  44)
(47 ,  34)
(1 ,  52)
(67 ,  61)
  
(68 ,  17)
  
(33 ,  49)
  
(9 ,  6)
  
  
(51 ,  38)
  
  
(2 ,  46)
(67 ,  32)
  
  
(38 ,  54)
(67 ,  56)
  
(2 ,  24)
(60 ,  33)
  
  
(68 ,  5)
  
  
  
  
  
(34 ,  32)
  
(36 ,  52)
(22 ,  60)
(23 ,  52)
(66 ,  8)
(61 ,  57)
(10 ,  19)
  
  
(63 ,  26)
(46 ,  27)
  
(7 ,  13)
(68 ,  51)
(41 ,  41)
  
  
(35 ,  8)
(57 ,  29)
(31 ,  38)
  
(21 ,  23)
(33 ,  3)
(20 ,  38)
  
  
(47 ,  39)
(13 ,  49)
  
  
(28 ,  19)
(35 ,  29)
  
(41 ,  47)
  
(0 ,  44)
(42 ,  0)
  
  
  
(43 ,  46)
(47 ,  3)
(15 ,  30)
(30 ,  34)
(41 ,  29)
  
  
  
  
  
(48 ,  7)
(7 ,  62)
  
  
(31 ,  30)
  
  
  
  
  
  
(15 ,  43)
(65 ,  18)
(17 ,  58)
(14 ,  34)
(10 ,  15)
(57 ,  23)
  
(60 ,  35)
(27 ,  37)
(40 ,  57)
  
  
(50 ,  20)
(68 ,  64)
  
  
(47 ,  12)
  
  
  
(29 ,  5)
  
(51 ,  49)
(44 ,  40)
  
  
  
(7 ,  21)
  
  
(29 ,  26)
(29 ,  59)
(1 ,  21)
(61 ,  52)
(10 ,  11)
(25 ,  27)
  
(8 ,  35)
  
  
  
(42 ,  65)
(35 ,  16)
  
(39 ,  14)
  
  
  
  
(58 ,  66)
  
  
(30 ,  49)
  
  
(50 ,  52)
  
  
  
(48 ,  0)
(14 ,  33)
(44 ,  30)
  
  
  
(14 ,  41)
  
(19 ,  40)
  
  
(15 ,  25)
  
  
  
(18 ,  27)
(13 ,  10)
(6 ,  34)
(17 ,  9)
  
(47 ,  38)
  
  
(23 ,  25)
(29 ,  4)
  
  
  
(10 ,  48)
  
(40 ,  34)
  
  
  
  
(1 ,  59)
(30 ,  36)
(41 ,  51)
(18 ,  13)
  
(60 ,  40)
  
  
(60 ,  16)
(57 ,  46)
  
(58 ,  24)
(59 ,  56)
  
  
  
(60 ,  20)
(63 ,  47)
  
(18 ,  66)
  
(58 ,  58)
(9 ,  1)
  
(28 ,  2)
  
  
(50 ,  59)
(21 ,  49)
(8 ,  26)
(44 ,  16)
(21 ,  0)
  
(3 ,  36)
  
  
  
(62 ,  3)
  
(22 ,  42)
(54 ,  35)
(28 ,  7)
  
  
(35 ,  59)
(18 ,  49)
  
(47 ,  61)
  
  
  
(8 ,  23)
(58 ,  33)
(34 ,  13)
(61 ,  46)
(48 ,  18)
  
(8 ,  52)
(57 ,  10)
(47 ,  31)
(46 ,  13)
(12 ,  44)
  
(16 ,  11)
  
  
  
  
  
  
(2 ,  43)
(34 ,  36)
(43 ,  37)
  
(67 ,  5)
(55 ,  31)
  
(23 ,  67)
(57 ,  32)
(52 ,  9)
(9 ,  67)
  
  
  
  
(65 ,  37)
(57 ,  14)
  
  
(60 ,  43)
  
  
(63 ,  48)
(60 ,  54)
  
(5 ,  11)
  
(57 ,  68)
  
(47 ,  33)
(38 ,  31)
(29 ,  14)
(26 ,  27)
  
(40 ,  42)
  
(2 ,  64)
(65 ,  29)
(23 ,  13)
(7 ,  24)
  
(36 ,  54)
(21 ,  42)
(42 ,  46)
(44 ,  25)
(57 ,  11)
(61 ,  17)
(34 ,  11)
(33 ,  6)
  
(41 ,  6)
  
(65 ,  41)
(53 ,  13)
  
  
(56 ,  49)
(66 ,  9)
(34 ,  44)
(38 ,  47)
  
  
(53 ,  47)
  
(33 ,  24)
(10 ,  20)
(14 ,  30)
  
(27 ,  28)
  
  
(2 ,  35)
(3 ,  55)
  
  
(15 ,  52)
  
  
(0 ,  67)
(65 ,  3)
  
  
(7 ,  17)
(26 ,  24)
  
  
(61 ,  61)
  
(56 ,  56)
(0 ,  57)
  
(0 ,  40)
(38 ,  11)
(54 ,  17)
(29 ,  8)
  
(59 ,  10)
(21 ,  52)
(60 ,  37)
  
(22 ,  45)
  
(26 ,  68)
(38 ,  35)
(49 ,  51)
(13 ,  21)
(39 ,  7)
(31 ,  13)
  
  
  
  
  
(43 ,  43)
(52 ,  51)
(24 ,  2)
  
(65 ,  20)
  
  
  
  
(68 ,  7)
(18 ,  36)
(56 ,  41)
  
  
  
  
  
(19 ,  54)
  
  
  
(54 ,  31)
  
(53 ,  19)
  
  
(43 ,  67)
  
(31 ,  44)
(22 ,  61)
  
(64 ,  31)
(25 ,  6)
  
  
(60 ,  45)
(5 ,  58)
  
  
(60 ,  5)
(16 ,  25)
  
  
  
(2 ,  51)
  
  
  
(9 ,  4)
  
  
  
  
(47 ,  2)
  
  
(13 ,  20)
(33 ,  16)
  
  
(44 ,  66)
(51 ,  52)
(56 ,  54)
  
(7 ,  27)
(47 ,  10)
  
(63 ,  36)
  
(55 ,  29)
  
  
  
(18 ,  8)
(28 ,  39)
(21 ,  37)
(31 ,  42)
(54 ,  57)
  
(16 ,  45)
(17 ,  63)
(26 ,  38)
  
  
(63 ,  14)
  
  
(51 ,  3)
(23 ,  44)
(29 ,  66)
(16 ,  59)
(16 ,  53)
  
  
  
(5 ,  53)
(8 ,  29)
  
(38 ,  55)
  
(45 ,  38)
(36 ,  47)
  
(42 ,  23)
  
(54 ,  3)
  
  
(0 ,  34)
  
(26 ,  18)
(15 ,  22)
(61 ,  51)
  
  
  
  
  
  
  
  
  
(5 ,  28)
  
  
(32 ,  26)
(5 ,  56)
(64 ,  0)
(23 ,  23)
(35 ,  68)
  
(54 ,  54)
  
  
(67 ,  64)
(59 ,  31)
  
(7 ,  18)
(47 ,  28)
(9 ,  65)
  
  
(32 ,  8)
(29 ,  7)
  
(48 ,  23)
(12 ,  26)
(31 ,  67)
(46 ,  2)
  
(23 ,  1)
(14 ,  4)
  
  
(17 ,  36)
  
  
  
(66 ,  45)
(40 ,  2)
  
(62 ,  29)
(58 ,  62)
(60 ,  44)
  
  
  
  
(11 ,  20)
  
(23 ,  5)
(35 ,  13)
  
  
  
(45 ,  22)
(27 ,  62)
  
(47 ,  60)
  
  
(9 ,  44)
(30 ,  53)
(25 ,  41)
(13 ,  13)
  
  
(17 ,  64)
(41 ,  10)
(34 ,  7)
(2 ,  0)
(23 ,  51)
  
  
  
(58 ,  34)
  
  
  
(21 ,  11)
  
  
  
(14 ,  67)
(47 ,  23)
  
(48 ,  52)
(57 ,  40)
(11 ,  63)
  
  
(56 ,  65)
(54 ,  66)
(40 ,  49)
(49 ,  61)
(2 ,  16)
  
(14 ,  18)
(45 ,  31)
(46 ,  18)
(0 ,  31)
(5 ,  6)
  
  
  
  
(10 ,  63)
(37 ,  3)
(32 ,  22)
(27 ,  38)
  
  
  
  
  
(37 ,  28)
  
  
  
  
(61 ,  4)
(65 ,  42)
  
  
  
  
(63 ,  45)
  
(29 ,  22)
(5 ,  0)
(15 ,  58)
  
(30 ,  56)
  
(34 ,  3)
(5 ,  19)
(8 ,  11)
(57 ,  13)
  
  
(36 ,  39)
  
  
  
  
  
  
  
(22 ,  9)
(40 ,  56)
  
(64 ,  4)
(6 ,  35)
  
  
  
(46 ,  31)
(64 ,  34)
  
  
  
  
(57 ,  5)
(20 ,  63)
  
(7 ,  45)
  
  
  
(1 ,  9)
(50 ,  3)
  
(13 ,  58)
  
  
(55 ,  19)
  
(38 ,  63)
  
  
  
  
  
  
(8 ,  2)
  
  
  
(32 ,  13)
(67 ,  59)
(10 ,  0)
  
(31 ,  21)
  
(68 ,  19)
  
  
  
  
(62 ,  57)
(31 ,  5)
(68 ,  50)
(19 ,  37)
(66 ,  49)
(44 ,  32)
(61 ,  8)
  
  
(64 ,  54)
  
(51 ,  11)
  
  
  
  
  
  
(62 ,  21)
  
  
(63 ,  35)
(51 ,  41)
(14 ,  12)
  
(17 ,  30)
(42 ,  56)
  
  
(18 ,  53)
(45 ,  58)
  
(48 ,  61)
(18 ,  33)
  
  
  
(66 ,  67)
  
  
  
  
(28 ,  36)
  
(0 ,  24)
(22 ,  10)
(66 ,  30)
  
  
(53 ,  65)
(46 ,  12)
  
(67 ,  28)
  
(31 ,  17)
  
(40 ,  36)
(49 ,  24)
  
  
(28 ,  3)
(39 ,  13)
  
(11 ,  19)
(17 ,  52)
(42 ,  27)
(15 ,  55)
  
  
  
(7 ,  48)
  
(30 ,  55)
(58 ,  43)
(0 ,  42)
(11 ,  18)
(6 ,  53)
  
  
  
  
(51 ,  1)
  
(2 ,  27)
  
  
(22 ,  3)
  
(22 ,  41)
(35 ,  22)
(26 ,  5)
  
(61 ,  7)
  
  
  
(31 ,  46)
  
  
(20 ,  49)
(61 ,  5)
(3 ,  51)
(26 ,  29)
  
(3 ,  65)
  
(25 ,  49)
(6 ,  50)
(65 ,  58)
  
  
(7 ,  68)
(12 ,  19)
(55 ,  22)
  
(34 ,  25)
  
  
  
(21 ,  56)
(55 ,  27)
(66 ,  36)
  
(13 ,  23)
  
  
(9 ,  13)
  
(11 ,  5)
  
(62 ,  49)
(52 ,  15)
  
(10 ,  13)
(63 ,  22)
(4 ,  60)
(58 ,  64)
(5 ,  47)
  
  
  
(18 ,  10)
(10 ,  54)
(55 ,  53)
(7 ,  41)
(32 ,  38)
(4 ,  27)
(17 ,  40)
  
(50 ,  61)
(38 ,  48)
(45 ,  12)
  
(8 ,  21)
  
  
  
  
(34 ,  63)
  
(19 ,  3)
  
(49 ,  10)
(33 ,  63)
  
  
(58 ,  5)
  
(24 ,  67)
  
  
  
  
  
(19 ,  34)
  
(32 ,  0)
(46 ,  28)
  
(5 ,  45)
  
  
(61 ,  50)
  
(0 ,  62)
  
  
(52 ,  10)
  
(49 ,  58)
  
  
  
  
  
(65 ,  48)
  
(64 ,  14)
  
  
  
(51 ,  67)
  
(49 ,  37)
  
(7 ,  64)
  
(8 ,  3)
  
(14 ,  14)
(5 ,  35)
  
(53 ,  59)
(50 ,  68)
(67 ,  40)
  
  
(14 ,  55)
(28 ,  57)
(38 ,  41)
(33 ,  44)
  
  
  
(15 ,  42)
  
(3 ,  39)
  
  
(66 ,  1)
  
  
(13 ,  19)
  
(59 ,  33)
  
  
(19 ,  35)
  
  
(61 ,  68)
  
  
  
(41 ,  3)
  
  
  
  
  
  
(16 ,  9)
(2 ,  1)
  
  
  
(65 ,  25)
(28 ,  27)
(49 ,  60)
  
(3 ,  34)
  
  
(51 ,  17)
(56 ,  10)
  
(29 ,  19)
(19 ,  33)
(45 ,  1)
(67 ,  52)
(56 ,  17)
  
(31 ,  31)
(15 ,  32)
(6 ,  6)
(52 ,  27)
  
(33 ,  37)
  
(30 ,  61)
  
  
  
  
(43 ,  55)
  
(32 ,  66)
(54 ,  25)
  
  
(14 ,  8)
(2 ,  57)
(63 ,  49)
  
  
  
  
  
(61 ,  23)
(15 ,  16)
(58 ,  18)
  
  
  
  
(40 ,  54)
  
(34 ,  6)
  
(43 ,  63)
  
  
  
  
(0 ,  46)
(1 ,  54)
  
(14 ,  2)
(67 ,  41)
(64 ,  65)
(47 ,  55)
(43 ,  61)
  
(37 ,  25)
  
  
(19 ,  49)
  
  
(29 ,  40)
  
  
(34 ,  20)
  
(60 ,  57)
  
  
  
  
  
  
  
  
  
  
(51 ,  24)
(48 ,  20)
(29 ,  6)
  
  
(10 ,  68)
  
  
(9 ,  68)
  
(17 ,  56)
(5 ,  3)
(10 ,  1)
  
(65 ,  61)
(53 ,  26)
  
  
  
  
  
  
(38 ,  46)
(41 ,  26)
(40 ,  23)
(44 ,  6)
  
  
(61 ,  1)
(3 ,  21)
(30 ,  22)
(64 ,  16)
  
  
  
  
  
(44 ,  54)
(7 ,  20)
(1 ,  51)
  
  
  
  
(21 ,  2)
  
(56 ,  31)
  
  
  
  
(34 ,  49)
(60 ,  39)
  
(23 ,  49)
  
  
(12 ,  62)
(49 ,  36)
  
(8 ,  20)
  
(49 ,  1)
  
  
(49 ,  28)
(23 ,  17)
  
  
  
(57 ,  63)
  
(0 ,  68)
  
(66 ,  23)
(60 ,  59)
  
  
(6 ,  25)
  
(39 ,  66)
  
  
(35 ,  36)
  
  
  
  
  
  
  
  
(51 ,  28)
  
(14 ,  38)
  
  
  
(3 ,  41)
  
  
(15 ,  41)
  
  
(4 ,  30)
  
  
  
  
  
  
(36 ,  35)
(26 ,  25)
  
  
  
(35 ,  63)
(54 ,  29)
(42 ,  35)
(33 ,  47)
(30 ,  14)
  
(60 ,  41)
  
(27 ,  35)
  
(54 ,  0)
  
(53 ,  6)
  
(8 ,  40)
(57 ,  56)
(29 ,  60)
(55 ,  28)
  
(17 ,  21)
(6 ,  5)
  
  
  
(6 ,  55)
(50 ,  48)
  
(31 ,  36)
  
(52 ,  21)
(34 ,  45)
  
  
(20 ,  18)
(59 ,  49)
  
(22 ,  5)
(3 ,  19)
  
  
  
  
(19 ,  45)
  
(43 ,  6)
  
(48 ,  31)
(34 ,  23)
(19 ,  31)
(45 ,  60)
(44 ,  21)
  
(11 ,  30)
(52 ,  16)
  
  
  
(62 ,  14)
(37 ,  63)
  
(0 ,  50)
(61 ,  37)
  
  
  
  
(49 ,  52)
(7 ,  46)
  
(4 ,  4)
(53 ,  42)
(29 ,  65)
(1 ,  29)
(19 ,  8)
(12 ,  64)
(16 ,  7)
  
  
(23 ,  68)
  
  
  
(22 ,  48)
  
  
  
(38 ,  53)
  
  
  
(63 ,  3)
(61 ,  9)
(5 ,  54)
  
  
(66 ,  51)
(61 ,  31)
(26 ,  45)
(37 ,  60)
  
  
  
  
  
(53 ,  58)
(40 ,  21)
  
  
(23 ,  30)
  
(31 ,  43)
  
(19 ,  50)
  
  
  
  
  
(0 ,  5)
  
  
(22 ,  38)
  
(40 ,  39)
(61 ,  19)
(22 ,  68)
(11 ,  25)
  
  
  
(62 ,  61)
  
(50 ,  37)
(21 ,  59)
(22 ,  28)
  
(31 ,  15)
  
  
(4 ,  42)
(2 ,  60)
  
  
(38 ,  44)
  
(1 ,  4)
  
  
(11 ,  24)
(45 ,  59)
(17 ,  31)
  
  
  
(10 ,  32)
  
(52 ,  59)
(40 ,  26)
(6 ,  15)
(23 ,  6)
(50 ,  60)
(10 ,  6)
(3 ,  14)
(49 ,  23)
(10 ,  5)
(16 ,  28)
(11 ,  27)
  
  
(57 ,  6)
  
(60 ,  61)
  
(33 ,  56)
(8 ,  42)
(48 ,  57)
(41 ,  1)
  
  
(37 ,  45)
(43 ,  22)
  
  
  
(32 ,  35)
(35 ,  20)
(14 ,  36)
  
  
(15 ,  11)
  
  
  
  
(36 ,  22)
  
  
(49 ,  68)
  
(38 ,  12)
(65 ,  27)
  
  
(11 ,  4)
(48 ,  8)
(17 ,  18)
  
  
(65 ,  5)
  
(12 ,  21)
  
(37 ,  35)
  
  
(59 ,  32)
(6 ,  24)
  
(33 ,  14)
  
  
(34 ,  52)
(14 ,  3)
(60 ,  8)
(27 ,  7)
(11 ,  42)
(29 ,  17)
  
  
  
(26 ,  10)
(32 ,  27)
  
  
(40 ,  12)
  
  
(23 ,  53)
(27 ,  21)
  
  
  
(11 ,  56)
(22 ,  57)
(13 ,  9)
  
(58 ,  44)
(10 ,  3)
(11 ,  23)
(2 ,  32)
  
  
(49 ,  45)
(24 ,  56)
  
(13 ,  34)
(50 ,  18)
(42 ,  37)
(17 ,  5)
(14 ,  57)
  
  
  
  
  
  
  
  
  
(39 ,  44)
  
(3 ,  61)
  
  
  
(36 ,  55)
  
(13 ,  15)
(40 ,  55)
(2 ,  36)
(24 ,  51)
(65 ,  59)
  
(63 ,  31)
(18 ,  57)
  
(8 ,  59)
  
(32 ,  40)
  
(4 ,  26)
  
(27 ,  6)
  
  
(21 ,  25)
(18 ,  51)
(24 ,  55)
  
  
  
(10 ,  51)
(56 ,  14)
(20 ,  47)
  
  
(64 ,  64)
  
(67 ,  19)
(6 ,  58)
(9 ,  28)
  
(2 ,  47)
(3 ,  67)
  
(41 ,  17)
(49 ,  38)
  
  
  
(3 ,  68)
  
  
  
  
  
(39 ,  54)
  
(20 ,  61)
(51 ,  57)
  
  
  
(43 ,  7)
(37 ,  7)
  
  
(43 ,  9)
  
  
(14 ,  13)
  
(3 ,  42)
(24 ,  34)
  
(9 ,  8)
(57 ,  50)
  
  
  
  
(7 ,  63)
  
(60 ,  36)
(7 ,  19)
  
(17 ,  34)
  
(61 ,  59)
  
(30 ,  68)
(42 ,  31)
  
  
(64 ,  12)
(23 ,  60)
  
(46 ,  67)
(43 ,  32)
(61 ,  36)
(60 ,  0)
  
  
  
(59 ,  11)
  
(67 ,  14)
(0 ,  61)
(17 ,  29)
(1 ,  46)
(24 ,  58)
  
(56 ,  7)
  
(35 ,  28)
(63 ,  33)
  
  
  
  
(10 ,  39)
  
(46 ,  50)
(13 ,  57)
(52 ,  17)
  
  
(52 ,  12)
  
  
  
  
(41 ,  19)
  
(21 ,  26)
(47 ,  22)
  
(64 ,  68)
(52 ,  33)
(31 ,  7)
  
(55 ,  14)
  
  
(2 ,  67)
  
(24 ,  6)
(2 ,  41)
(30 ,  15)
(24 ,  9)
(30 ,  51)
  
(13 ,  36)
(56 ,  57)
  
  
(18 ,  20)
  
  
(28 ,  58)
  
  
(54 ,  52)
  
  
(49 ,  50)
(58 ,  21)
  
  
(50 ,  28)
  
  
(10 ,  17)
  
(39 ,  47)
  
  
  
  
  
  
(23 ,  59)
(4 ,  0)
  
  
  
(65 ,  44)
(51 ,  9)
(46 ,  66)
(18 ,  21)
  
  
(46 ,  16)
  
  
  
  
  
(39 ,  6)
(61 ,  6)
(1 ,  50)
  
  
  
(24 ,  39)
  
  
  
(9 ,  22)
(30 ,  38)
(57 ,  55)
  
(3 ,  32)
(50 ,  23)
  
  
(2 ,  33)
(45 ,  25)
(13 ,  14)
(54 ,  32)
(42 ,  32)
  
(45 ,  34)
(25 ,  51)
  
(27 ,  65)
(33 ,  42)
(46 ,  19)
(35 ,  64)
(41 ,  54)
  
(51 ,  10)
(56 ,  64)
(44 ,  13)
  
(24 ,  27)
(40 ,  20)
(22 ,  63)
(53 ,  52)
  
  
  
(37 ,  52)
  
  
(67 ,  4)
(19 ,  24)
(33 ,  50)
  
(67 ,  9)
(59 ,  23)
(36 ,  29)
  
(36 ,  0)
  
  
  
  
  
(18 ,  68)
  
  
(45 ,  51)
(15 ,  3)
(58 ,  31)
  
(54 ,  56)
(57 ,  24)
(66 ,  48)
(58 ,  1)
(23 ,  7)
  
  
(27 ,  1)
  
  
(1 ,  56)
  
(36 ,  31)
  
  
  
  
(32 ,  41)
  
  
(54 ,  23)
  
  
(29 ,  51)
  
(10 ,  37)
(29 ,  34)
  
(62 ,  52)
(7 ,  42)
  
  
  
(51 ,  7)
(11 ,  64)
(6 ,  31)
(41 ,  62)
(49 ,  6)
(20 ,  22)
(46 ,  4)
  
  
  
(38 ,  32)
  
  
  
  
  
  
  
(8 ,  56)
  
(3 ,  18)
(16 ,  21)
  
(11 ,  49)
(39 ,  38)
  
(28 ,  40)
  
(58 ,  40)
  
(52 ,  50)
  
(11 ,  26)
  
  
(40 ,  67)
(12 ,  25)
  
  
  
  
(32 ,  3)
  
  
  
(20 ,  56)
(53 ,  4)
  
  
(50 ,  10)
  
(8 ,  9)
(59 ,  34)
  
  
(62 ,  62)
  
(64 ,  59)
  
  
(42 ,  1)
  
(39 ,  25)
(46 ,  35)
  
(43 ,  38)
(57 ,  42)
(12 ,  40)
(65 ,  63)
  
(21 ,  19)
  
  
  
(31 ,  37)
(21 ,  53)
  
  
  
  
  
  
(43 ,  14)
  
  
  
  
  
  
(63 ,  34)
  
(30 ,  3)
(25 ,  56)
(67 ,  30)
  
  
(9 ,  3)
  
  
  
(25 ,  55)
(64 ,  40)
(52 ,  24)
(7 ,  30)
  
  
  
  
  
  
(36 ,  36)
  
(17 ,  27)
  
  
  
(10 ,  33)
  
  
  
(3 ,  40)
(30 ,  23)
(25 ,  29)
(1 ,  62)
(32 ,  33)
(60 ,  26)
(59 ,  22)
  
(18 ,  31)
(57 ,  15)
  
  
(44 ,  35)
(52 ,  66)
  
  
(36 ,  40)
  
  
(49 ,  29)
  
(66 ,  68)
(52 ,  40)
  
  
  
(56 ,  46)
(11 ,  38)
  
(41 ,  67)
(19 ,  59)
  
  
  
  
(1 ,  26)
(10 ,  30)
(25 ,  13)
  
  
  
  
  
  
  
  
(26 ,  37)
  
  
  
  
  
(43 ,  44)
(15 ,  36)
  
  
(25 ,  14)
  
  
(24 ,  18)
  
  
  
  
  
(37 ,  62)
  
  
(11 ,  43)
(32 ,  31)
  
(53 ,  56)
  
(18 ,  45)
  
(21 ,  58)
  
  
  
(46 ,  33)
(7 ,  61)
  
  
(27 ,  67)
(56 ,  18)
(17 ,  10)
(56 ,  55)
  
(54 ,  43)
(11 ,  48)
  
(38 ,  66)
  
(45 ,  61)
(42 ,  61)
(14 ,  50)
  
(26 ,  53)
  
(25 ,  67)
(43 ,  62)
(19 ,  55)
  
(22 ,  25)
  
(37 ,  2)
  
(8 ,  67)
  
(53 ,  2)
  
(38 ,  56)
(59 ,  13)
  
  
  
  
(64 ,  57)
(13 ,  68)
(17 ,  54)
(49 ,  34)
(1 ,  2)
(52 ,  26)
  
  
(41 ,  27)
(8 ,  17)
  
(9 ,  39)
  
(61 ,  26)
(17 ,  15)
(47 ,  6)
(32 ,  48)
(12 ,  35)
  
  
  
(58 ,  6)
  
  
(48 ,  2)
  
  
(46 ,  47)
(21 ,  20)
  
(23 ,  15)
(40 ,  27)
(3 ,  62)
  
(4 ,  55)
(38 ,  2)
(8 ,  22)
(24 ,  46)
  
(35 ,  46)
(60 ,  27)
  
(7 ,  58)
  
  
  
(33 ,  25)
  
(1 ,  41)
  
  
  
  
(54 ,  27)
  
  
  
  
(15 ,  20)
(18 ,  64)
  
  
(34 ,  5)
  
(8 ,  44)
(21 ,  48)
(47 ,  67)
  
  
  
  
(26 ,  7)
  
  
  
(55 ,  51)
(28 ,  31)
(20 ,  67)
  
(55 ,  49)
(4 ,  65)
(1 ,  33)
  
(51 ,  37)
  
  
  
  
  
  
  
  
(58 ,  38)
  
  
  
  
(2 ,  34)
(37 ,  14)
  
  
  
  
(10 ,  59)
  
  
(30 ,  19)
(7 ,  8)
(1 ,  31)
(64 ,  20)
(55 ,  26)
  
  
(54 ,  50)
  
(6 ,  39)
(43 ,  66)
(24 ,  57)
  
(10 ,  7)
  
  
(50 ,  13)
(64 ,  30)
(61 ,  40)
(21 ,  17)
  
  
  
(41 ,  28)
  
(17 ,  4)
(35 ,  39)
  
(39 ,  45)
  
  
(31 ,  2)
(57 ,  62)
(51 ,  50)
(21 ,  63)
(10 ,  8)
(14 ,  40)
  
  
(17 ,  11)
(27 ,  50)
  
  
(44 ,  29)
  
  
(60 ,  22)
(31 ,  48)
(36 ,  10)
  
(38 ,  4)
(65 ,  57)
  
  
(42 ,  24)
(32 ,  67)
(42 ,  2)
(60 ,  25)
  
  
  
(68 ,  8)
  
(21 ,  40)
  
  
  
(15 ,  45)
(24 ,  11)
  
  
(23 ,  58)
(10 ,  31)
  
(7 ,  55)
(41 ,  48)
(51 ,  12)
(21 ,  16)
(34 ,  51)
(46 ,  64)
(21 ,  13)
(35 ,  10)
  
(22 ,  19)
  
(67 ,  18)
(57 ,  35)
(42 ,  38)
(39 ,  41)
  
  
  
  
  
(45 ,  26)
(17 ,  43)
  
  
  
  
  
(54 ,  22)
(40 ,  64)
  
  
  
  
  
  
(36 ,  20)
  
(34 ,  12)
  
  
(65 ,  43)
  
  
  
  
(7 ,  57)
  
(47 ,  9)
  
  
  
  
(12 ,  58)
(5 ,  49)
  
(2 ,  23)
(13 ,  67)
(59 ,  7)
  
  
(57 ,  9)
  
(15 ,  59)
  
  
  
  
(25 ,  52)
  
  
(50 ,  31)
  
(30 ,  57)
(41 ,  43)
(54 ,  53)
(55 ,  68)
(23 ,  19)
(30 ,  29)
(62 ,  0)
  
(8 ,  8)
  
  
  
  
  
(13 ,  55)
(8 ,  54)
  
  
  
(17 ,  35)
  
  
(56 ,  15)
  
  
  
  
  
(22 ,  31)
(7 ,  52)
  
  
(49 ,  15)
  
  
(61 ,  44)
  
  
(12 ,  53)
  
  
(35 ,  9)
(53 ,  23)
  
  
(25 ,  40)
  
  
(52 ,  49)
  
(3 ,  33)
(61 ,  49)
(13 ,  53)
  
  
  
  
  
  
(19 ,  5)
  
  
(33 ,  54)
  
(22 ,  18)
  
(39 ,  16)
  
  
  
(24 ,  52)
(27 ,  11)
(0 ,  21)
(49 ,  19)
(17 ,  7)
(53 ,  32)
  
(38 ,  9)
  
  
  
(24 ,  53)
(7 ,  54)
(31 ,  16)
  
(67 ,  26)
  
(38 ,  26)
  
(60 ,  17)
  
(22 ,  0)
(15 ,  31)
(53 ,  48)
  
  
  
(18 ,  3)
  
(5 ,  32)
(22 ,  47)
  
  
  
(27 ,  30)
(50 ,  65)
(0 ,  36)
(7 ,  26)
(27 ,  32)
(16 ,  20)
  
(0 ,  35)
(31 ,  35)
  
  
  
(68 ,  13)
(50 ,  22)
(7 ,  43)
  
  
(45 ,  20)
(33 ,  30)
  
(55 ,  46)
  
(28 ,  1)
  
(16 ,  62)
  
  
  
(44 ,  10)
  
  
  
(51 ,  31)
  
(20 ,  12)
(6 ,  26)
  
  
(44 ,  8)
(44 ,  61)
  
(54 ,  55)
  
(24 ,  35)
(19 ,  41)
(12 ,  7)
  
  
  
(10 ,  41)
  
(51 ,  53)
(38 ,  27)
  
  
(27 ,  26)
  
(24 ,  33)
(13 ,  35)
(3 ,  22)
  
(37 ,  9)
  
(1 ,  0)
  
  
(53 ,  17)
  
  
(27 ,  25)
(16 ,  43)
  
  
  
(21 ,  54)
  
  
(63 ,  27)
  
  
(38 ,  29)
(28 ,  53)
(34 ,  57)
(4 ,  53)
(30 ,  30)
(60 ,  7)
  
(4 ,  34)
(11 ,  28)
(0 ,  29)
  
(39 ,  20)
  
(28 ,  44)
  
  
  
(28 ,  13)
  
(18 ,  9)
  
  
(41 ,  21)
  
(18 ,  18)
  
  
  
(58 ,  54)
(30 ,  45)
  
  
  
  
(8 ,  1)
  
(47 ,  59)
  
  
(8 ,  51)
  
  
(36 ,  13)
(16 ,  67)
(40 ,  16)
  
(37 ,  13)
  
(0 ,  12)
(40 ,  68)
  
  
(63 ,  39)
(50 ,  43)
(33 ,  38)
  
(14 ,  29)
(59 ,  0)
(49 ,  4)
  
(10 ,  36)
  
(15 ,  10)
(62 ,  13)
(8 ,  24)
  
  
(48 ,  42)
(61 ,  16)
  
(45 ,  28)
(43 ,  21)
  
(60 ,  62)
(45 ,  54)
  
(44 ,  23)
(4 ,  36)
  
(34 ,  30)
  
(54 ,  33)
  
  
  
(44 ,  57)
(68 ,  56)
  
  
(21 ,  45)
  
(58 ,  65)
  
  
(16 ,  50)
  
  
(2 ,  65)
(66 ,  46)
  
  
(55 ,  61)
(29 ,  61)
(8 ,  5)
(65 ,  47)
  
  
(64 ,  39)
  
(12 ,  50)
  
(0 ,  52)
  
(27 ,  19)
  
  
  
(3 ,  63)
  
  
  
  
(26 ,  43)
  
  
(29 ,  55)
  
(59 ,  48)
  
  
  
(58 ,  49)
  
  
(39 ,  21)
(39 ,  67)
(54 ,  61)
(68 ,  58)
  
(23 ,  33)
(30 ,  28)
(61 ,  32)
  
  
  
(68 ,  61)
  
  
  
  
  
  
(31 ,  23)
(6 ,  19)
(3 ,  12)
(32 ,  20)
  
  
(13 ,  12)
(26 ,  44)
(14 ,  43)
  
  
(55 ,  47)
(39 ,  51)
(32 ,  29)
(57 ,  41)
  
  
  
(13 ,  25)
(7 ,  7)
  
  
(33 ,  11)
(3 ,  16)
  
  
  
(38 ,  42)
  
  
  
  
(34 ,  2)
  
(68 ,  42)
(6 ,  66)
  
  
(63 ,  53)
  
  
  
(19 ,  22)
  
(47 ,  37)
  
(6 ,  41)
  
  
  
  
  
  
  
(68 ,  38)
  
  
  
  
  
(15 ,  68)
  
  
(6 ,  54)
(61 ,  3)
(44 ,  52)
  
  
  
(50 ,  36)
(15 ,  60)
(26 ,  34)
(42 ,  28)
  
(39 ,  30)
  
  
(40 ,  47)
  
(50 ,  8)
  
  
  
  
(41 ,  5)
  
(12 ,  18)
  
(25 ,  4)
(62 ,  30)
(47 ,  62)
  
  
(55 ,  0)
(51 ,  42)
  
  
  
  
(5 ,  52)
(5 ,  39)
  
  
  
  
  
  
(28 ,  25)
  
  
(5 ,  68)
  
(17 ,  12)
  
(1 ,  24)
(68 ,  67)
(66 ,  24)
  
(18 ,  24)
  
  
  
  
  
(53 ,  1)
  
(11 ,  6)
  
(61 ,  22)
  
  
  
(17 ,  51)
(6 ,  36)
  
  
  
(56 ,  9)
  
(45 ,  13)
(32 ,  57)
  
  
(49 ,  14)
(2 ,  38)
  
  
  
(6 ,  40)
  
  
(55 ,  33)
(15 ,  61)
  
(59 ,  15)
(15 ,  21)
(26 ,  26)
(56 ,  16)
  
(3 ,  28)
  
  
  
(48 ,  29)
  
  
(57 ,  59)
  
(52 ,  56)
  
  
  
  
(1 ,  35)
  
  
(1 ,  1)
  
(68 ,  20)
  
  
(47 ,  42)
(61 ,  28)
  
(30 ,  24)
  
(44 ,  58)
  
  
  
(34 ,  48)
  
  
(1 ,  14)
(45 ,  21)
(32 ,  56)
  
  
(57 ,  20)
  
(46 ,  21)
  
(63 ,  21)
(34 ,  42)
(14 ,  19)
(30 ,  0)
  
  
  
  
(48 ,  4)
(39 ,  32)
  
(64 ,  55)
  
(24 ,  40)
  
(16 ,  13)
  
  
(43 ,  20)
(68 ,  2)
  
  
(6 ,  18)
  
  
(11 ,  68)
(9 ,  18)
  
  
  
  
  
  
  
(31 ,  34)
(16 ,  58)
(19 ,  7)
  
  
(65 ,  60)
(3 ,  45)
(63 ,  57)
(16 ,  3)
(49 ,  59)
(56 ,  42)
(12 ,  61)
  
(28 ,  48)
  
  
  
  
  
(54 ,  21)
(45 ,  43)
  
  
  
  
  
(52 ,  39)
  
  
(29 ,  13)
  
  
  
  
  
  
  
(17 ,  16)
(23 ,  0)
(56 ,  45)
(20 ,  68)
  
(7 ,  34)
(5 ,  7)
  
  
(51 ,  55)
  
(38 ,  58)
  
(48 ,  50)
  
(48 ,  41)
(35 ,  45)
  
  
(24 ,  37)
  
  
(24 ,  60)
(8 ,  32)
  
(1 ,  11)
  
(32 ,  21)
  
(58 ,  51)
(40 ,  24)
  
  
(29 ,  2)
  
(14 ,  45)
  
  
(56 ,  60)
  
(15 ,  67)
  
(28 ,  34)
(9 ,  36)
(34 ,  24)
  
(54 ,  60)
(54 ,  34)
(24 ,  22)
(5 ,  65)
  
  
(55 ,  55)
(63 ,  20)
  
  
  
(62 ,  53)
(38 ,  62)
  
  
  
(15 ,  0)
  
  
(9 ,  57)
  
  
(38 ,  50)
(42 ,  41)
(38 ,  39)
(2 ,  22)
  
  
  
(20 ,  10)
  
  
  
(56 ,  43)
  
(16 ,  12)
  
(47 ,  4)
  
(60 ,  60)
(30 ,  65)
  
(32 ,  63)
(37 ,  41)
(36 ,  66)
  
(63 ,  43)
(66 ,  19)
  
  
  
  
(36 ,  2)
  
(43 ,  64)
  
(32 ,  34)
(63 ,  64)
  
  
(65 ,  64)
  
(50 ,  42)
  
  
(14 ,  68)
  
  
(28 ,  12)
  
  
(7 ,  5)
  
  
(10 ,  27)
  
(11 ,  54)
  
  
  
(38 ,  24)
(60 ,  47)
  
(63 ,  58)
(44 ,  59)
(42 ,  14)
(21 ,  22)
(3 ,  2)
  
  
(56 ,  21)
  
  
(32 ,  25)
(41 ,  22)
  
  
(43 ,  5)
(41 ,  23)
  
(39 ,  24)
  
  
  
  
(40 ,  3)
  
(66 ,  32)
(60 ,  9)
  
(12 ,  39)
(51 ,  60)
(53 ,  37)
  
  
  
(17 ,  22)
  
  
(10 ,  43)
(13 ,  27)
(9 ,  35)
  
  
  
(3 ,  48)
(65 ,  9)
  
(57 ,  54)
  
(64 ,  60)
(38 ,  21)
(53 ,  33)
  
(56 ,  40)
  
(45 ,  64)
  
(23 ,  38)
  
  
  
  
(7 ,  11)
  
(1 ,  18)
(56 ,  47)
(21 ,  64)
  
  
(46 ,  40)
(59 ,  3)
(28 ,  52)
(65 ,  52)
  
(53 ,  22)
(42 ,  53)
  
  
(59 ,  2)
(53 ,  20)
  
  
(37 ,  27)
(45 ,  19)
(59 ,  68)
(7 ,  40)
  
  
  
  
  
  
  
  
(60 ,  46)
  
  
(35 ,  6)
  
  
(16 ,  42)
(12 ,  37)
  
  
  
  
(4 ,  18)
  
(60 ,  29)
(58 ,  14)
(29 ,  27)
  
  
(40 ,  52)
  
  
(32 ,  28)
(48 ,  33)
  
(46 ,  63)
(62 ,  25)
  
  
(57 ,  65)
  
  
(52 ,  6)
  
  
(40 ,  61)
(2 ,  15)
(11 ,  33)
(20 ,  48)
  
  
(11 ,  53)
(4 ,  31)
(27 ,  29)
(17 ,  47)
  
  
  
(48 ,  62)
(17 ,  44)
  
(40 ,  44)
(64 ,  42)
  
(20 ,  26)
(60 ,  34)
  
  
  
  
  
  
(10 ,  67)
  
(21 ,  5)
(33 ,  51)
(46 ,  17)
  
(14 ,  11)
(35 ,  32)
  
  
(9 ,  66)
  
(31 ,  65)
(4 ,  17)
(7 ,  1)
(52 ,  32)
(42 ,  55)
(1 ,  13)
  
(58 ,  20)
(30 ,  10)
  
  
(25 ,  18)
  
  
(2 ,  58)
(59 ,  46)
  
  
  
(53 ,  31)
(40 ,  37)
  
(42 ,  58)
  
(8 ,  28)
(14 ,  52)
  
(17 ,  17)
  
(57 ,  1)
  
(66 ,  56)
(33 ,  55)
(53 ,  54)
(53 ,  57)
  
  
  
(3 ,  52)
(50 ,  38)
(6 ,  9)
  
(5 ,  42)
  
(46 ,  34)
  
  
(40 ,  35)
(25 ,  12)
  
  
(50 ,  57)
(53 ,  55)
(5 ,  51)
  
  
  
  
  
  
  
  
  
  
  
(16 ,  19)
  
(37 ,  66)
  
(2 ,  3)
  
(5 ,  64)
(50 ,  45)
  
  
  
(35 ,  21)
(18 ,  43)
  
  
  
(64 ,  38)
  
  
(39 ,  11)
(39 ,  10)
(4 ,  66)
  
(39 ,  39)
  
  
(21 ,  35)
(33 ,  52)
  
  
(45 ,  16)
  
  
  
  
  
(10 ,  18)
  
  
  
  
(54 ,  1)
  
(39 ,  53)
  
(40 ,  11)
  
(16 ,  34)
(4 ,  57)
(60 ,  49)
(5 ,  57)
  
(37 ,  6)
  
  
  
  
(53 ,  49)
(62 ,  33)
(8 ,  50)
(4 ,  21)
(1 ,  64)
(12 ,  48)
(48 ,  9)
  
  
  
  
  
(67 ,  11)
(43 ,  51)
  
  
  
  
  
(58 ,  7)
  
  
  
(40 ,  48)
(33 ,  27)
(22 ,  12)
(33 ,  34)
(45 ,  35)
(39 ,  9)
  
  
  
(12 ,  31)
  
(12 ,  24)
  
  
  
(5 ,  60)
(60 ,  42)
  
(3 ,  9)
(2 ,  55)
  
  
  
(1 ,  58)
(26 ,  23)
  
  
  
(35 ,  25)
  
(61 ,  63)
(13 ,  18)
(40 ,  18)
  
(18 ,  58)
  
  
(13 ,  3)
  
  
(9 ,  24)
(53 ,  66)
  
  
(46 ,  62)
(30 ,  9)
(6 ,  33)
  
  
(46 ,  11)
(20 ,  23)
  
  
  
  
(44 ,  41)
  
(16 ,  49)
  
  
(44 ,  67)
  
(14 ,  64)
  
(51 ,  58)
(3 ,  46)
  
(17 ,  53)
  
(19 ,  28)
  
  
(12 ,  6)
(64 ,  46)
  
  
(51 ,  18)
  
  
  
  
(65 ,  50)
(58 ,  0)
  
(50 ,  39)
  
(12 ,  49)
(51 ,  35)
  
(0 ,  17)
(45 ,  24)
  
(68 ,  10)
(37 ,  22)
  
  
(10 ,  53)
(61 ,  25)
  
(37 ,  18)
  
  
(34 ,  10)
  
(53 ,  15)
  
  
  
(8 ,  25)
(54 ,  67)
(55 ,  50)
  
(51 ,  62)
(34 ,  16)
  
(48 ,  63)
  
(29 ,  54)
  
  
(14 ,  7)
  
  
(13 ,  42)
  
  
(22 ,  2)
  
  
  
(59 ,  45)
(67 ,  37)
  
(34 ,  43)
  
(67 ,  45)
(14 ,  49)
(28 ,  4)
(12 ,  46)
(11 ,  15)
(35 ,  31)
(58 ,  29)
(62 ,  41)
  
  
  
  
(10 ,  44)
(65 ,  65)
  
  
  
(26 ,  62)
  
(66 ,  28)
(2 ,  48)
  
  
(45 ,  41)
  
  
  
(44 ,  63)
  
(45 ,  15)
  
  
  
(27 ,  52)
(31 ,  14)
(31 ,  12)
(11 ,  1)
  
  
(36 ,  56)
(25 ,  30)
(10 ,  49)
  
  
  
(68 ,  30)
(64 ,  58)
(0 ,  65)
(21 ,  68)
(61 ,  54)
  
(36 ,  23)
(18 ,  63)
  
(45 ,  56)
  
(67 ,  35)
(60 ,  6)
  
  
  
  
(5 ,  24)
(66 ,  13)
(36 ,  67)
(51 ,  54)
(29 ,  18)
(22 ,  30)
(16 ,  17)
  
(3 ,  8)
  
(65 ,  16)
  
(2 ,  11)
  
(16 ,  33)
  
  
  
  
(68 ,  15)
(46 ,  7)
  
  
  
  
(30 ,  7)
(39 ,  12)
(65 ,  10)
  
  
(53 ,  24)
(35 ,  19)
  
  
  
  
  
  
  
  
(25 ,  7)
  
(42 ,  50)
(57 ,  36)
(35 ,  62)
(52 ,  65)
(23 ,  4)
(27 ,  48)
(11 ,  36)
(61 ,  39)
  
(9 ,  26)
(17 ,  1)
  
(54 ,  7)
  
(68 ,  11)
(62 ,  18)
  
  
(29 ,  48)
  
  
  
  
  
(6 ,  44)
(52 ,  5)
(1 ,  20)
(30 ,  6)
(16 ,  46)
  
  
  
(31 ,  63)
  
(49 ,  48)
  
(54 ,  28)
(68 ,  46)
(19 ,  63)
  
(3 ,  43)
  
  
(28 ,  11)
(1 ,  28)
  
(51 ,  21)
  
  
(36 ,  46)
  
(30 ,  41)
  
(67 ,  0)
  
  
(50 ,  9)
  
(45 ,  18)
(68 ,  68)
(20 ,  0)
(58 ,  3)
  
(13 ,  48)
  
  
(28 ,  28)
(18 ,  12)
(62 ,  40)
  
(9 ,  30)
  
(31 ,  54)
(22 ,  65)
  
(46 ,  8)
  
  
  
(8 ,  41)
(37 ,  31)
  
  
  
(68 ,  45)
(44 ,  36)
(66 ,  29)
  
(53 ,  21)
  
(30 ,  26)
  
(41 ,  65)
  
  
  
(6 ,  38)
  
  
(3 ,  27)
  
  
  
  
(9 ,  34)
(66 ,  53)
  
(42 ,  33)
  
  
(61 ,  56)
(64 ,  7)
(3 ,  56)
  
(64 ,  37)
(63 ,  24)
  
  
  
(38 ,  59)
(2 ,  18)
  
(58 ,  28)
(56 ,  22)
  
  
(15 ,  28)
  
(5 ,  36)
  
  
  
(37 ,  61)
  
(4 ,  49)
  
  
  
(19 ,  52)
  
  
(53 ,  45)
(10 ,  58)
(61 ,  53)
(42 ,  11)
  
  
(46 ,  3)
(34 ,  17)
(40 ,  10)
  
(36 ,  57)
(61 ,  42)
  
  
  
  
  
  
(55 ,  48)
  
  
  
  
(35 ,  66)
(3 ,  60)
  
  
  
(27 ,  44)
(50 ,  0)
(57 ,  3)
(25 ,  58)
  
(58 ,  42)
  
(40 ,  43)
  
  
(41 ,  39)
  
(9 ,  47)
(16 ,  24)
  
  
  
  
  
(43 ,  29)
  
(22 ,  62)
(4 ,  46)
(15 ,  29)
  
(44 ,  37)
(25 ,  47)
(65 ,  56)
(62 ,  60)
(48 ,  64)
  
(25 ,  44)
(4 ,  28)
(65 ,  8)
(46 ,  22)
(62 ,  24)
  
  
  
  
  
(64 ,  3)
  
(66 ,  3)
(15 ,  17)
  
(26 ,  33)
(1 ,  45)
  
  
  
  
(67 ,  43)
(14 ,  24)
  
  
(66 ,  10)
(25 ,  5)
(56 ,  68)
  
  
  
(34 ,  1)
(44 ,  33)
  
  
  
(38 ,  18)
(38 ,  0)
  
  
(34 ,  29)
(57 ,  67)
(14 ,  66)
  
(16 ,  29)
  
  
  
(65 ,  6)
(42 ,  20)
  
(31 ,  19)
(22 ,  29)
  
  
(23 ,  24)
  
(52 ,  11)
  
  
  
  
  
  
  
  
  
  
  
  
  
(22 ,  8)
  
(1 ,  17)
(18 ,  14)
  
(19 ,  32)
  
  
(63 ,  23)
  
  
(22 ,  44)
(68 ,  23)
(47 ,  58)
(58 ,  30)
  
(17 ,  39)
  
(16 ,  38)
(63 ,  1)
  
  
  
(59 ,  20)
(5 ,  1)
  
  
(30 ,  48)
  
  
(62 ,  35)
  
(32 ,  23)
  
(55 ,  21)
(32 ,  24)
(58 ,  13)
  
(57 ,  37)
(62 ,  54)
(58 ,  41)
(46 ,  30)
  
  
(42 ,  34)
  
  
  
(10 ,  38)
  
(48 ,  46)
  
(48 ,  22)
(19 ,  48)
(21 ,  29)
  
  
  
  
  
  
  
(12 ,  67)
  
  
  
(25 ,  21)
  
(20 ,  65)
(65 ,  51)
(17 ,  20)
  
  
(17 ,  60)
(18 ,  48)
(38 ,  13)
  
(42 ,  12)
(66 ,  35)
  
(26 ,  32)
  
  
  
(37 ,  51)
(63 ,  67)
  
(43 ,  13)
  
  
  
  
  
(67 ,  50)
(29 ,  15)
(11 ,  3)
(17 ,  59)
(64 ,  67)
  
  
(48 ,  43)
  
  
(4 ,  13)
  
(39 ,  29)
(2 ,  31)
  
(49 ,  20)
  
(49 ,  43)
(55 ,  17)
(47 ,  63)
  
(9 ,  27)
  
  
  
(33 ,  8)
(28 ,  15)
(59 ,  55)
(36 ,  30)
(64 ,  56)
  
(16 ,  35)
(17 ,  68)
  
  
  
  
(27 ,  55)
  
(67 ,  65)
(3 ,  59)
  
(44 ,  42)
  
(19 ,  27)
(17 ,  0)
  
  
  
(5 ,  59)
  
(66 ,  39)
(5 ,  9)
(39 ,  23)
  
(25 ,  2)
(64 ,  53)
  
  
(11 ,  62)
  
(60 ,  23)
  
(53 ,  3)
  
(6 ,  0)
(61 ,  2)
(48 ,  30)
  
(9 ,  23)
  
  
(16 ,  54)
  
(37 ,  1)
(11 ,  67)
  
(50 ,  62)
  
(14 ,  15)
(2 ,  6)
(17 ,  33)
  
  
(53 ,  44)
(36 ,  44)
  
(50 ,  2)
(41 ,  50)
  
(44 ,  28)
  
(20 ,  31)
(4 ,  38)
  
  
  
(23 ,  14)
(7 ,  22)
  
(64 ,  47)
(42 ,  5)
  
  
  
  
(30 ,  21)
(31 ,  55)
  
  
  
  
  
  
(21 ,  39)
(10 ,  21)
  
(19 ,  61)
(11 ,  50)
(66 ,  25)
  
(43 ,  35)
  
  
  
  
  
(4 ,  9)
(8 ,  49)
  
  
  
(11 ,  45)
  
  
  
  
  
(33 ,  5)
(10 ,  10)
(56 ,  38)
(38 ,  33)
  
  
  
  
  
  
  
  
  
  
(49 ,  30)
  
  
  
  
  
  
(46 ,  0)
  
(64 ,  23)
  
(50 ,  54)
  
(39 ,  65)
(52 ,  7)
(2 ,  52)
(55 ,  60)
(29 ,  58)
(68 ,  59)
(52 ,  53)
  
(49 ,  35)
  
(36 ,  41)
  
  
(56 ,  24)
(35 ,  18)
(36 ,  7)
(37 ,  4)
  
  
(31 ,  1)
  
(5 ,  29)
(25 ,  62)
(56 ,  11)
(48 ,  3)
  
  
(63 ,  42)
  
  
  
  
(22 ,  24)
(7 ,  38)
(19 ,  13)
(62 ,  22)
(28 ,  50)
  
  
(68 ,  49)
  
(11 ,  55)
  
  
  
  
(26 ,  42)
(29 ,  32)
(52 ,  38)
  
(56 ,  51)
  
(58 ,  8)
  
  
(0 ,  60)
  
  
  
(12 ,  12)
(8 ,  39)
(57 ,  4)
  
(33 ,  57)
(10 ,  4)
  
  
(56 ,  53)
  
(47 ,  21)
(4 ,  29)
(42 ,  26)
(68 ,  47)
  
  
(33 ,  9)
(52 ,  57)
(68 ,  28)
  
(68 ,  65)
  
  
(6 ,  29)
  
  
(7 ,  12)
  
(31 ,  4)
(54 ,  44)
  
  
  
  
(23 ,  36)
(22 ,  46)
(2 ,  19)
(5 ,  44)
  
  
(37 ,  34)
  
  
  
  
  
(26 ,  21)
(1 ,  8)
  
(31 ,  50)
  
(33 ,  10)
  
(36 ,  26)
  
  
  
  
  
(12 ,  43)
  
  
(19 ,  17)
  
  
(34 ,  18)
(65 ,  33)
(30 ,  35)
  
  
  
  
  
(51 ,  6)
  
(12 ,  54)
  
(3 ,  25)
(20 ,  19)
(29 ,  39)
(37 ,  58)
  
(43 ,  3)
  
(56 ,  6)
  
(49 ,  67)
(5 ,  18)
(22 ,  27)
  
  
(18 ,  56)
  
(32 ,  10)
  
  
(46 ,  46)
  
(25 ,  33)
  
(43 ,  30)
(54 ,  8)
(59 ,  50)
(27 ,  46)
(47 ,  40)
  
(66 ,  54)
(1 ,  34)
  
  
  
  
(35 ,  49)
  
  
(34 ,  41)
(20 ,  5)
(3 ,  1)
  
  
  
  
  
(8 ,  12)
  
  
  
(23 ,  21)
(66 ,  42)
(46 ,  53)
  
  
  
  
  
(60 ,  51)
(68 ,  31)
(12 ,  66)
(32 ,  11)
  
  
(21 ,  36)
  
  
  
(61 ,  47)
(15 ,  53)
  
(3 ,  24)
  
  
  
  
  
  
  
  
  
  
(28 ,  56)
(22 ,  4)
  
(28 ,  9)
(4 ,  14)
(10 ,  62)
(19 ,  66)
(12 ,  5)
  
  
(25 ,  65)
  
(49 ,  8)
(28 ,  23)
  
(62 ,  44)
(39 ,  60)
(15 ,  56)
(13 ,  26)
  
(68 ,  54)
  
(16 ,  5)
(11 ,  51)
  
(45 ,  8)
  
  
  
(14 ,  35)
(18 ,  6)
  
(27 ,  63)
(67 ,  39)
  
  
  
(9 ,  16)
(5 ,  33)
(59 ,  42)
  
  
  
  
  
(13 ,  0)
(68 ,  32)
  
  
(54 ,  26)
  
(31 ,  61)
  
  
(38 ,  51)
  
(30 ,  27)
(37 ,  55)
  
  
(1 ,  16)
  
  
  
(68 ,  63)
(3 ,  54)
(44 ,  65)
  
(22 ,  22)
(46 ,  14)
(35 ,  61)
(66 ,  33)
(47 ,  52)
  
  
  
  
(67 ,  60)
(43 ,  25)
  
  
(31 ,  3)
(30 ,  4)
(41 ,  32)
(47 ,  24)
  
  
  
  
  
(31 ,  20)
(11 ,  59)
(4 ,  25)
  
  
  
  
(61 ,  13)
  
  
(33 ,  59)
  
  
  
  
(63 ,  66)
  
  
(44 ,  11)
  
  
(58 ,  36)
(47 ,  29)
(58 ,  45)
  
(31 ,  26)
(26 ,  41)
(54 ,  15)
  
(15 ,  38)
(23 ,  26)
  
(29 ,  10)
  
  
(20 ,  11)
(29 ,  43)
  
  
  
(61 ,  0)
  
  
  
  
(11 ,  66)
  
  
(39 ,  35)
(1 ,  25)
  
  
(27 ,  20)
  
(12 ,  56)
(54 ,  9)
  
(34 ,  65)
(45 ,  6)
(47 ,  8)
  
(48 ,  35)
(64 ,  50)
(15 ,  7)
  
  
(0 ,  51)
(63 ,  46)
  
(37 ,  30)
  
  
  
  
(35 ,  57)
  
(15 ,  64)
  
(53 ,  64)
  
  
(34 ,  35)
(58 ,  2)
(62 ,  50)
(5 ,  17)
  
  
  
(47 ,  36)
  
  
(46 ,  51)
(0 ,  66)
(4 ,  68)
  
(35 ,  37)
(25 ,  42)
  
(14 ,  51)
(53 ,  43)
  
  
(41 ,  18)
  
  
(33 ,  17)
  
(0 ,  47)
  
  
  
(52 ,  46)
(55 ,  64)
(59 ,  30)
(24 ,  19)
  
(36 ,  58)
  
  
  
(51 ,  16)
(21 ,  62)
(19 ,  6)
(7 ,  66)
(51 ,  26)
  
  
  
(28 ,  43)
  
(14 ,  9)
(13 ,  1)
  
  
(45 ,  37)
  
(55 ,  57)
  
  
  
  
  
  
  
  
(0 ,  58)
(23 ,  28)
(23 ,  43)
  
  
  
(60 ,  65)
(34 ,  28)
(20 ,  52)
  
  
(0 ,  26)
  
(52 ,  64)
(58 ,  57)
(27 ,  43)
  
(15 ,  8)
  
(67 ,  53)
(46 ,  61)
  
  
  
  
  
  
(58 ,  46)
  
(26 ,  8)
  
  
(26 ,  12)
(6 ,  20)
  
  
  
(3 ,  47)
  
(45 ,  30)
  
(22 ,  11)
  
  
(40 ,  17)
  
  
(32 ,  59)
  
  
(13 ,  22)
(15 ,  34)
  
(25 ,  32)
  
  
  
  
(55 ,  40)
(53 ,  25)
  
  
  
(43 ,  1)
(50 ,  27)
(14 ,  10)
(22 ,  66)
(24 ,  41)
  
  
  
(22 ,  51)
  
(15 ,  46)
(35 ,  3)
  
(6 ,  3)
(49 ,  44)
  
(37 ,  10)
  
  
(50 ,  19)
  
  
  
(25 ,  34)
(4 ,  7)
(50 ,  44)
  
(46 ,  37)
(21 ,  44)
  
  
  
(25 ,  53)
  
(12 ,  28)
(54 ,  12)
  
  
  
  
(19 ,  23)
(43 ,  54)
  
  
  
(41 ,  45)
  
  
(38 ,  52)
  
(33 ,  4)
(48 ,  53)
  
  
(67 ,  58)
(58 ,  26)
(48 ,  51)
(0 ,  33)
(39 ,  28)
(49 ,  17)
(38 ,  19)
  
  
  
(3 ,  37)
  
(3 ,  30)
  
  
  
  
  
  
  
  
  
(0 ,  64)
  
(23 ,  32)
(50 ,  67)
  
  
(17 ,  6)
  
(53 ,  35)
(5 ,  13)
(61 ,  66)
  
(21 ,  1)
  
(3 ,  6)
  
(13 ,  60)
  
(55 ,  43)
  
  
(3 ,  20)
  
(34 ,  27)
(43 ,  15)
  
(0 ,  22)
(30 ,  60)
(21 ,  47)
  
(52 ,  68)
  
(9 ,  40)
  
(27 ,  47)
(8 ,  34)
  
(7 ,  31)
  
(46 ,  39)
(68 ,  53)
(11 ,  34)
  
(19 ,  12)
(27 ,  23)
(30 ,  16)
  
  
  
(6 ,  4)
  
  
  
  
  
  
(57 ,  7)
  
  
  
  
  
  
(39 ,  46)
(31 ,  51)
(59 ,  5)
  
(18 ,  15)
(40 ,  32)
(29 ,  62)
  
(33 ,  35)
  
  
(55 ,  8)
(43 ,  19)
  
  
(57 ,  31)
(24 ,  12)
(18 ,  41)
  
(27 ,  5)
  
  
(28 ,  8)
(1 ,  61)
(67 ,  46)
  
(17 ,  19)
(46 ,  38)
(0 ,  8)
  
  
  
(27 ,  61)
(32 ,  60)
(38 ,  30)
  
(25 ,  63)
(22 ,  67)
(20 ,  33)
(12 ,  23)
(51 ,  66)
(60 ,  21)
  
  
(65 ,  0)
(60 ,  48)
  
(14 ,  53)
  
(54 ,  37)
  
(63 ,  7)
(67 ,  62)
(21 ,  33)
(39 ,  68)
(15 ,  35)
  
(36 ,  9)
  
  
(16 ,  36)
(52 ,  20)
  
  
  
(10 ,  64)
  
(64 ,  1)
  
(1 ,  44)
(57 ,  49)
(17 ,  62)
  
  
  
(38 ,  49)
(57 ,  16)
(25 ,  57)
  
  
  
(65 ,  7)
  
(35 ,  42)
  
  
(31 ,  45)
(49 ,  18)
(41 ,  61)
(8 ,  27)
(8 ,  62)
(22 ,  33)
  
(46 ,  15)
(38 ,  15)
  
  
(5 ,  8)
(37 ,  15)
(55 ,  11)
  
  
  
(28 ,  51)
  
  
(42 ,  15)
  
(3 ,  35)
  
  
(16 ,  8)
(17 ,  45)
  
  
(41 ,  60)
(55 ,  23)
  
  
  
  
  
  
  
  
(37 ,  36)
(12 ,  36)
(62 ,  46)
(58 ,  16)
(18 ,  59)
(64 ,  41)
  
(46 ,  52)
(29 ,  0)
(56 ,  3)
  
(41 ,  37)
  
(52 ,  29)
  
(23 ,  64)
  
  
  
(48 ,  12)
  
(41 ,  11)
  
(24 ,  49)
(34 ,  58)
(25 ,  59)
(27 ,  24)
  
  
(55 ,  12)
(41 ,  12)
  
(50 ,  33)
  
(29 ,  50)
  
  
(63 ,  56)
(25 ,  45)
  
  
(31 ,  59)
  
  
(8 ,  48)
(2 ,  37)
(0 ,  27)
(25 ,  28)
(67 ,  24)
(5 ,  30)
(36 ,  61)
  
  
  
(50 ,  49)
  
  
(18 ,  47)
  
(14 ,  37)
(61 ,  41)
  
(39 ,  63)
(37 ,  44)
  
(1 ,  49)
  
(67 ,  36)
  
  
(21 ,  43)
  
  
  
(4 ,  40)
  
  
(8 ,  36)
  
(19 ,  39)
  
  
(14 ,  16)
(41 ,  53)
(66 ,  17)
(43 ,  40)
(40 ,  65)
  
(61 ,  62)
  
  
  
  
(43 ,  18)
  
(39 ,  62)
  
  
(50 ,  17)
(33 ,  45)
(56 ,  19)
(25 ,  25)
(47 ,  20)
  
  
  
(51 ,  14)
  
(44 ,  56)
(32 ,  4)
  
  
  
(56 ,  34)
  
  
(1 ,  23)
(44 ,  55)
  
  
(28 ,  20)
(32 ,  45)
  
  
  
  
  
  
(19 ,  26)
  
  
(7 ,  44)
(38 ,  37)
  
  
  
  
(65 ,  26)
  
(63 ,  0)
  
  
  
(10 ,  45)
  
  
  
  
(62 ,  2)
  
(62 ,  16)
(52 ,  67)
(11 ,  44)
(13 ,  44)
(37 ,  21)
(38 ,  6)
  
  
(47 ,  14)
(53 ,  63)
  
(46 ,  32)
(28 ,  21)
(35 ,  11)
(8 ,  43)
  
(9 ,  61)
(32 ,  9)
  
(24 ,  66)
  
(29 ,  3)
  
  
  
(48 ,  27)
(68 ,  37)
  
(24 ,  28)
(29 ,  16)
(62 ,  56)
(43 ,  12)
  
(44 ,  22)
  
(60 ,  18)
(61 ,  30)
(68 ,  41)
  
(38 ,  10)
(4 ,  35)
(48 ,  44)
(58 ,  53)
(59 ,  54)
(29 ,  53)
  
  
(37 ,  42)
(59 ,  29)
  
(11 ,  39)
  
  
(57 ,  45)
(5 ,  4)
  
  
(37 ,  40)
(45 ,  23)
(6 ,  45)
(37 ,  39)
(33 ,  0)
  
  
  
(0 ,  1)
  
  
  
(41 ,  63)
(2 ,  66)
  
  
(45 ,  32)
  
(40 ,  60)
  
  
  
  
(14 ,  58)
(29 ,  64)
(19 ,  53)
  
  
  
  
(10 ,  46)
  
  
  
(54 ,  51)
  
(30 ,  40)
  
(27 ,  12)
  
  
(48 ,  13)
  
(16 ,  16)
  
  
  
(23 ,  10)
  
(42 ,  60)
  
(40 ,  53)
(1 ,  5)
  
(4 ,  51)
  
(31 ,  52)
  
(14 ,  60)
(11 ,  16)
  
(64 ,  9)
(48 ,  5)
(15 ,  1)
  
(40 ,  0)
(19 ,  2)
  
(45 ,  49)
  
  
  
  
(10 ,  47)
  
  
  
(49 ,  63)
  
  
  
  
(6 ,  62)
(42 ,  51)
  
  
  
  
  
  
  
  
(65 ,  13)
  
(23 ,  16)
  
  
  
(21 ,  28)
  
(61 ,  12)
(12 ,  38)
(25 ,  24)
(6 ,  1)
  
(66 ,  50)
(61 ,  21)
(60 ,  53)
  
(33 ,  48)
(67 ,  48)
  
(66 ,  5)
  
  
(11 ,  14)
(49 ,  62)
(28 ,  18)
(11 ,  65)
(26 ,  30)
  
  
  
(47 ,  5)
(30 ,  8)
  
(13 ,  66)
(56 ,  23)
(47 ,  30)
(2 ,  50)
(37 ,  29)
(20 ,  35)
(13 ,  17)
  
(40 ,  5)
  
(21 ,  51)
(43 ,  53)
  
(15 ,  18)
  
  
(52 ,  22)
(35 ,  52)
(14 ,  22)
(34 ,  26)
(52 ,  8)
  
(66 ,  41)
  
  
  
  
  
  
  
(68 ,  66)
  
  
  
  
(59 ,  14)
(47 ,  49)
  
(36 ,  49)
  
  
  
(51 ,  30)
(47 ,  11)
  
(12 ,  4)
(12 ,  32)
  
(55 ,  1)
  
  
(15 ,  33)
  
  
(10 ,  23)
  
  
  
(32 ,  55)
  
(11 ,  47)
  
(39 ,  56)
(30 ,  50)
(11 ,  37)
  
(16 ,  41)
(12 ,  20)
(45 ,  33)
  
  
  
  
  
  
  
  
  
  
(51 ,  22)
(28 ,  32)
  
(19 ,  16)
  
  
  
(39 ,  36)
(11 ,  40)
(38 ,  25)
  
  
  
  
(35 ,  65)
(66 ,  43)
(56 ,  13)
  
  
  
(48 ,  1)
  
  
  
  
  
(58 ,  11)
  
(48 ,  45)
  
(13 ,  51)
(66 ,  11)
(50 ,  25)
  
(26 ,  55)
(0 ,  28)
  
  
(37 ,  11)
  
  
  
  
  
  
  
(46 ,  54)
(35 ,  60)
  
(27 ,  68)
(28 ,  41)
(21 ,  15)
(15 ,  26)
  
  
  
(52 ,  4)
  
  
  
  
  
(0 ,  38)
  
  
(30 ,  2)
(23 ,  27)
(63 ,  37)
(31 ,  39)
(65 ,  14)
(60 ,  66)
  
(64 ,  62)
(17 ,  2)
(10 ,  24)
  
  
(42 ,  39)
(45 ,  65)
  
  
(35 ,  24)
(3 ,  44)
(7 ,  23)
(11 ,  22)
  
(56 ,  48)
(67 ,  33)
(24 ,  10)
  
(47 ,  48)
  
(4 ,  16)
  
(4 ,  41)
  
  
  
(46 ,  26)
  
(54 ,  39)
(19 ,  36)
  
  
  
  
(22 ,  53)
  
(22 ,  43)
  
  
(53 ,  53)
  
(10 ,  57)
  
  
(15 ,  19)
(36 ,  62)
(52 ,  45)
  
(13 ,  11)
  
(26 ,  4)
(62 ,  8)
  
  
(67 ,  6)
  
  
  
  
  
  
(26 ,  47)
(14 ,  48)
(33 ,  39)
(33 ,  60)
(42 ,  68)
(7 ,  25)
  
  
  
(21 ,  18)
  
(8 ,  63)
(55 ,  66)
  
  
(63 ,  17)
  
(28 ,  45)
(45 ,  0)
  
  
  
(12 ,  22)
(59 ,  43)
(31 ,  66)
  
  
(23 ,  39)
(22 ,  54)
(5 ,  46)
(5 ,  43)
(60 ,  4)
  
  
(67 ,  57)
(18 ,  44)
  
(7 ,  60)
  
(12 ,  59)
(28 ,  59)
(9 ,  37)
  
  
  
(6 ,  63)
  
  
  
(7 ,  49)
(24 ,  54)
  
(11 ,  35)
  
  
  
(12 ,  17)
(38 ,  57)
(14 ,  63)
(13 ,  52)
  
(32 ,  19)
  
  
(48 ,  59)
(25 ,  0)
  
(45 ,  27)
  
  
(24 ,  45)
(59 ,  52)
  
  
  
(20 ,  8)
(25 ,  8)
(68 ,  3)
(57 ,  0)
  
  
(61 ,  27)
(20 ,  9)
  
(1 ,  63)
(40 ,  14)
(37 ,  57)
(35 ,  58)
  
  
(35 ,  53)
(22 ,  39)
  
(11 ,  57)
(33 ,  15)
  
  
(64 ,  21)
(25 ,  68)
(28 ,  22)
  
(15 ,  9)
(31 ,  24)
  
  
(47 ,  18)
(41 ,  0)
(22 ,  40)
(36 ,  3)
(60 ,  32)
  
  
  
  
  
  
(60 ,  55)
  
(20 ,  60)
  
(48 ,  17)
  
  
(16 ,  64)
  
(31 ,  11)
(32 ,  64)
  
(5 ,  16)
  
  
(51 ,  65)
(18 ,  28)
(30 ,  20)
(7 ,  67)
  
(4 ,  61)
  
(28 ,  61)
(64 ,  26)
  
  
(20 ,  13)
  
  
  
  
(49 ,  47)
  
  
  
(40 ,  58)
(30 ,  47)
(17 ,  38)
  
(7 ,  39)
(33 ,  32)
(4 ,  50)
(67 ,  10)
  
(53 ,  51)
(49 ,  13)
(6 ,  49)
(66 ,  44)
  
  
  
(35 ,  34)
  
  
(2 ,  62)
(24 ,  21)
(40 ,  50)
(0 ,  13)
(65 ,  54)
  
(47 ,  0)
  
  
(62 ,  58)
(37 ,  23)
(25 ,  39)
(20 ,  62)
(3 ,  5)
(32 ,  12)
  
(50 ,  51)
  
(47 ,  13)
(26 ,  46)
  
  
  
(28 ,  54)
  
  
(61 ,  38)
(45 ,  11)
(67 ,  49)
(49 ,  26)
  
(31 ,  8)
  
  
  
  
  
(48 ,  54)
  
(48 ,  10)
(2 ,  25)
(58 ,  39)
(34 ,  55)
  
  
  
  
(43 ,  31)
  
  
(62 ,  31)
  
(20 ,  6)
  
  
  
  
(63 ,  11)
  
  
  
  
(55 ,  37)
  
  
(34 ,  21)
(66 ,  38)
(56 ,  52)
  
  
(10 ,  9)
  
(47 ,  50)
  
  
  
(59 ,  17)
(38 ,  7)
  
  
(9 ,  46)
(40 ,  1)
  
  
(2 ,  2)
(23 ,  46)
(27 ,  40)
  
  
  
  
(27 ,  45)
  
  
  
(8 ,  37)
  
(4 ,  59)
(18 ,  39)
(7 ,  3)
  
(4 ,  2)
(20 ,  59)
(66 ,  63)
(41 ,  25)
  
  
  
(26 ,  6)
(57 ,  61)
  
  
(14 ,  42)
  
(54 ,  63)
(13 ,  65)
(46 ,  1)
  
  
  
  
  
(9 ,  60)
(20 ,  4)
  
(32 ,  49)
(10 ,  52)
  
  
  
  
(29 ,  47)
(35 ,  14)
(38 ,  43)
(1 ,  30)
(27 ,  10)
(45 ,  66)
(7 ,  16)
  
(6 ,  67)
  
(57 ,  26)
  
  
  
  
  
  
(23 ,  50)
(68 ,  40)
  
(53 ,  41)
  
(56 ,  30)
  
  
(39 ,  58)
(25 ,  11)
  
  
(49 ,  41)
(30 ,  31)
  
  
(24 ,  15)
  
(46 ,  55)
  
(57 ,  22)
  
(3 ,  17)
  
  
  
  
  
(49 ,  54)
  
  
(21 ,  6)
(64 ,  22)
(64 ,  25)
  
  
  
(4 ,  10)
  
(11 ,  31)
  
  
  
  
(26 ,  57)
  
  
(63 ,  30)
(19 ,  15)
(37 ,  59)
  
  
(21 ,  3)
(66 ,  31)
  
(50 ,  6)
(3 ,  23)
  
(32 ,  7)
(45 ,  5)
  
(59 ,  4)
(8 ,  60)
(58 ,  27)
  
  
  
  
  
  
  
  
(20 ,  40)
(45 ,  2)
(31 ,  64)
  
(57 ,  48)
  
  
(21 ,  27)
(31 ,  40)
  
(52 ,  47)
(3 ,  49)
  
(4 ,  48)
  
  
  
  
  
  
  
  
(45 ,  9)
(28 ,  30)
  
  
  
(18 ,  23)
  
  
(51 ,  45)
(0 ,  25)
(19 ,  20)
(7 ,  15)
(20 ,  21)
(14 ,  20)
(64 ,  61)
(51 ,  13)
  
  
(14 ,  25)
(16 ,  18)
(26 ,  0)
  
  
  
  
(27 ,  57)
  
(61 ,  20)
  
  
  
  
(31 ,  0)
  
  
  
  
  
(12 ,  55)
  
  
(52 ,  28)
(17 ,  66)
  
(52 ,  60)
  
(60 ,  14)
(8 ,  19)
(25 ,  64)
(14 ,  6)
(33 ,  19)
(38 ,  40)
(10 ,  34)
(48 ,  24)
(24 ,  14)
  
  
  
  
  
  
(67 ,  67)
(13 ,  29)
  
  
(58 ,  17)
  
(55 ,  38)
(43 ,  8)
  
(27 ,  36)
  
(5 ,  61)
  
(45 ,  40)
(5 ,  15)
  
  
(11 ,  0)
  
  
(55 ,  36)
(38 ,  23)
  
  
  
  
  
(26 ,  15)
(62 ,  23)
  
  
  
  
  
  
  
(68 ,  27)
  
(26 ,  52)
(58 ,  55)
  
(34 ,  67)
  
  
  
  
  
  
  
(63 ,  12)
(67 ,  16)
(4 ,  54)
(58 ,  63)
(6 ,  14)
  
  
(33 ,  62)
(21 ,  24)
  
(40 ,  51)
(54 ,  46)
(16 ,  32)
  
  
  
  
  
(34 ,  8)
(40 ,  15)
  
  
(16 ,  47)
(16 ,  40)
  
(59 ,  35)
  
(28 ,  55)
  
  
(32 ,  2)
(50 ,  11)
(0 ,  32)
  
  
(30 ,  58)
(21 ,  31)
(29 ,  63)
  
(43 ,  28)
  
(12 ,  16)
  
  
(24 ,  24)
  
(29 ,  38)
(0 ,  53)
(23 ,  34)
  
(35 ,  7)
  
  
(2 ,  21)
  
  
  
(55 ,  34)
(68 ,  62)
(68 ,  33)
  
(36 ,  64)
  
  
(68 ,  48)
(25 ,  38)
(62 ,  39)
  
(21 ,  60)
(4 ,  63)
(15 ,  15)
(63 ,  51)
(16 ,  22)
(2 ,  40)
(32 ,  51)
(58 ,  15)
(37 ,  16)
  
(58 ,  68)
(29 ,  12)
(29 ,  41)
  
  
  
  
  
(34 ,  47)
(51 ,  8)
(33 ,  28)
(54 ,  38)
  
  
(52 ,  54)
  
  
  
  
(28 ,  17)
(57 ,  17)
  
(64 ,  49)
  
(41 ,  36)
  
  
  
  
(15 ,  54)
(10 ,  14)
  
  
(27 ,  49)
  
  
(45 ,  62)
(66 ,  58)
  
(41 ,  20)
  
(2 ,  10)
  
(11 ,  21)
  
  
  
(46 ,  57)
(32 ,  36)
  
(35 ,  48)
(1 ,  67)
  
(20 ,  29)
(52 ,  13)
  
  
  
  
(50 ,  53)
(57 ,  34)
(20 ,  15)
(13 ,  33)
  
(27 ,  64)
(67 ,  15)
  
(47 ,  46)
(1 ,  36)
  
(45 ,  39)
  
  
(66 ,  66)
(64 ,  10)
  
(35 ,  27)
(21 ,  61)
(23 ,  20)
  
  
  
  
  
(34 ,  68)
(64 ,  52)
(32 ,  58)
  
(43 ,  39)
(51 ,  51)
(52 ,  1)
(22 ,  52)
(62 ,  19)
(57 ,  66)
  
(32 ,  15)
  
  
(58 ,  50)
(27 ,  53)
(39 ,  26)
(23 ,  45)
  
(53 ,  12)
(64 ,  32)
  
  
  
(51 ,  48)
  
(23 ,  2)
  
  
  
  
(43 ,  11)
  
(18 ,  38)
  
  
  
  
  
(11 ,  32)
  
  
  
  
  
(8 ,  33)
(12 ,  34)
(20 ,  45)
  
  
  
  
  
(40 ,  7)
  
  
(17 ,  32)
  
(54 ,  24)
  
(43 ,  49)
  
(66 ,  34)
(27 ,  27)
(24 ,  47)
  
(20 ,  54)
(25 ,  1)
(0 ,  10)
  
(3 ,  66)
(4 ,  39)
(26 ,  59)
  
  
  
(6 ,  64)
  
  
  
(65 ,  30)
  
(28 ,  0)
  
  
(26 ,  28)
  
  
(53 ,  50)
  
  
(25 ,  15)
  
(39 ,  43)
  
  
  
(24 ,  3)
  
  
  
(42 ,  29)
  
  
(23 ,  48)
(35 ,  43)
  
(27 ,  51)
  
  
  
  
(28 ,  66)
  
  
  
(68 ,  52)
  
  
(31 ,  33)
(16 ,  39)
(51 ,  40)
  
(42 ,  8)
  
  
  
(23 ,  65)
  
(5 ,  10)
(9 ,  20)
(61 ,  48)
(2 ,  42)
(16 ,  0)
  
  
(14 ,  46)
(13 ,  5)
  
(0 ,  56)
  
  
(27 ,  41)
(10 ,  42)
  
(44 ,  68)
(33 ,  23)
(29 ,  21)
  
  
  
(14 ,  28)
  
(20 ,  30)
(55 ,  39)
  
(47 ,  43)
  
(55 ,  63)
  
(66 ,  59)
  
  
  
  
(54 ,  19)
(21 ,  21)
(37 ,  64)
  
  
  
(59 ,  40)
(26 ,  20)
(28 ,  46)
(66 ,  20)
  
  
(39 ,  31)
(21 ,  57)
(46 ,  60)
  
  
  
  
(8 ,  53)
  
(67 ,  12)
  
  
(55 ,  45)
  
  
(40 ,  29)
  
(1 ,  65)
  
  
(57 ,  28)
(1 ,  53)
  
  
(34 ,  60)
(2 ,  20)
(59 ,  1)
(28 ,  62)
  
  
(52 ,  19)
  
(2 ,  56)
(65 ,  62)
(55 ,  15)
  
  
  
(22 ,  14)
  
(51 ,  2)
(31 ,  60)
  
(32 ,  30)
(57 ,  12)
  
(53 ,  60)
(0 ,  4)
(60 ,  24)
(63 ,  59)
  
  
  
(27 ,  34)
(49 ,  49)
(31 ,  68)
(68 ,  22)
  
(41 ,  24)
  
  
  
  
  
(23 ,  62)
(47 ,  56)
(26 ,  50)
(57 ,  47)
  
  
(48 ,  47)
(37 ,  50)
(49 ,  55)
(59 ,  65)
  
(46 ,  24)
(33 ,  22)
  
  
  
  
  
  
(33 ,  7)
  
(35 ,  30)
  
  
(22 ,  20)
(47 ,  57)
(26 ,  11)
  
(61 ,  14)
  
  
  
(35 ,  26)
  
  
(22 ,  7)
  
  
  
  
  
  
  
(41 ,  34)
(49 ,  11)
  
  
(40 ,  31)
  
  
  
  
  
  
  
  
(47 ,  25)
(35 ,  44)
  
(4 ,  22)
(20 ,  14)
  
  
  
  
  
  
(60 ,  64)
(11 ,  58)
(48 ,  16)
  
  
(46 ,  23)
(19 ,  29)
  
  
  
(68 ,  14)
  
  
(60 ,  19)
(39 ,  40)
(50 ,  56)
  
(46 ,  65)
  
(16 ,  26)
  
  
(4 ,  19)
  
  
(34 ,  59)
(19 ,  68)
  
(57 ,  58)
(10 ,  56)
  
  
(51 ,  23)
(50 ,  41)
(29 ,  56)
(6 ,  27)
(5 ,  22)
(56 ,  61)
(68 ,  25)
(38 ,  3)
  
(19 ,  11)
  
  
(45 ,  67)
(3 ,  31)
  
  
(37 ,  43)
(55 ,  25)
  
  
  
  
  
(42 ,  18)
  
(45 ,  44)
(2 ,  61)
  
  
  
  
  
(44 ,  12)
(20 ,  1)
  
  
  
  
(64 ,  29)
(56 ,  8)
(54 ,  36)
  
  
(19 ,  1)
(64 ,  19)
  
  
(11 ,  8)
(44 ,  53)
(67 ,  25)
  
  
(23 ,  66)
  
(26 ,  36)
  
  
  
  
(66 ,  4)
(51 ,  19)
  
  
(29 ,  30)
(62 ,  11)
  
(66 ,  64)
  
  
  
  
(41 ,  30)
  
  
(36 ,  27)
(38 ,  61)
  
(46 ,  10)
(1 ,  55)
(19 ,  38)
(54 ,  16)
(52 ,  41)
  
(23 ,  42)
  
  
  
  
  
  
  
(37 ,  33)
  
  
  
  
  
  
(56 ,  67)
  
(10 ,  61)
  
  
  
  
  
  
  
(46 ,  45)
(65 ,  66)
  
  
(28 ,  6)
(54 ,  42)
  
  
  
(28 ,  68)
(1 ,  3)
  
  
(41 ,  52)
(49 ,  31)
  
  
(44 ,  0)
  
  
(15 ,  50)
  
(52 ,  52)
(12 ,  29)
(56 ,  37)
(39 ,  55)
(25 ,  37)
(12 ,  9)
  
  
(40 ,  6)
  
(57 ,  33)
(1 ,  57)
  
  
  
(52 ,  18)
(31 ,  28)
(59 ,  21)
(25 ,  10)
(25 ,  61)
  
  
(8 ,  58)
(9 ,  59)
  
  
(33 ,  31)
  
  
  
(15 ,  63)
(4 ,  20)
  
  
  
  
(29 ,  52)
  
(47 ,  32)
  
(51 ,  25)
  
  
(26 ,  56)
  
  
(25 ,  43)
(53 ,  28)
(68 ,  21)
  
(26 ,  35)
(39 ,  42)
(1 ,  12)
  
  
  
  
  
  
  
  
(24 ,  4)
  
(47 ,  19)
  
  
  
  
(35 ,  0)
(45 ,  68)
  
  
  
  
  
  
  
(16 ,  37)
  
  
(28 ,  60)
(26 ,  17)
  
  
(62 ,  67)
(2 ,  17)
  
(67 ,  42)
(34 ,  0)
(17 ,  8)
(12 ,  63)
(15 ,  65)
  
  
(36 ,  32)
(44 ,  7)
  
(51 ,  20)
(51 ,  27)
(24 ,  43)
  
(67 ,  3)
  
  
  
(56 ,  50)
(60 ,  58)
(41 ,  7)
(34 ,  39)
(57 ,  18)
  
(6 ,  23)
  
(61 ,  11)
  
(62 ,  51)
(24 ,  64)
(49 ,  65)
  
  
(7 ,  14)
  
  
(2 ,  39)
(62 ,  28)
(43 ,  65)
  
  
  
  
  
(43 ,  23)
(26 ,  14)
  
(8 ,  6)
(36 ,  17)
  
  
(62 ,  55)
  
(34 ,  37)
  
(25 ,  23)
  
(51 ,  33)
(0 ,  14)
  
  
(38 ,  14)
(0 ,  63)
  
  
  
  
  
  
(61 ,  60)
(4 ,  56)
(9 ,  25)
  
(7 ,  65)
  
  
(54 ,  2)
  
  
  
(53 ,  46)
  
  
  
  
  
  
(6 ,  21)
(9 ,  62)
(12 ,  3)
(32 ,  44)
  
  
(20 ,  39)
  
  
(40 ,  46)
  
(17 ,  14)
  
  
  
  
  
(36 ,  63)
  
(26 ,  48)
  
(14 ,  1)
(48 ,  26)
(42 ,  21)
(66 ,  65)
  
  
  
  
  
  
(65 ,  34)
  
  
(16 ,  68)
(4 ,  8)
  
  
  
(35 ,  55)
  
(41 ,  16)
(25 ,  3)
  
  
(9 ,  38)
  
(52 ,  25)
(39 ,  52)
  
  
(24 ,  25)
  
  
  
  
(2 ,  44)
  
  
  
  
  
  
  
  
  
(12 ,  65)
  
  
  
(66 ,  6)
  
  
  
(19 ,  51)
(64 ,  5)
  
  
  
(14 ,  65)
(54 ,  30)
(16 ,  15)
(21 ,  4)
  
  
(25 ,  26)
(44 ,  51)
(38 ,  60)
  
  
(1 ,  40)
(32 ,  65)
  
  
  
(55 ,  41)
(22 ,  15)
  
(6 ,  65)
(40 ,  9)
(23 ,  47)
  
  
  
  
  
(31 ,  27)
  
  
  
  
(25 ,  20)
(38 ,  65)
  
  
  
  
  
(50 ,  24)
  
  
(24 ,  23)
  
  
(47 ,  65)
(15 ,  39)
  
  
  
(26 ,  64)
(67 ,  20)
  
  
  
  
  
(42 ,  64)
(15 ,  14)
(21 ,  30)
  
(6 ,  28)
  
(55 ,  32)
(51 ,  63)
(59 ,  27)
(66 ,  18)
  
  
(20 ,  50)
(48 ,  25)
(19 ,  42)
(4 ,  45)
  
  
  
  
  
(21 ,  14)
  
(2 ,  30)
  
(57 ,  2)
(6 ,  8)
  
(28 ,  14)
  
  
  
  
  
(39 ,  17)
  
(43 ,  27)
(41 ,  49)
  
  
  
(48 ,  65)
(29 ,  44)
  
(48 ,  39)
(1 ,  47)
(55 ,  44)
(66 ,  14)
(39 ,  2)
  
  
(6 ,  10)
(57 ,  25)
  
  
  
  
  
  
(46 ,  36)
  
(15 ,  57)
  
  
(24 ,  68)
(62 ,  10)
(59 ,  44)
  
  
(10 ,  22)
  
  
(44 ,  50)
(6 ,  68)
  
  
(68 ,  4)
  
(45 ,  53)
  
  
  
(31 ,  49)
(18 ,  50)
(54 ,  18)
(39 ,  19)
  
  
  
(9 ,  14)
(64 ,  66)
  
(18 ,  32)
(65 ,  36)
  
  
(12 ,  0)
  
(64 ,  13)
(18 ,  55)
(47 ,  64)
  
  
  
(18 ,  17)
(59 ,  39)
  
  
  
(13 ,  43)
(46 ,  48)
(6 ,  30)
  
  
  
  
  
(40 ,  41)
(17 ,  13)
(49 ,  3)
(61 ,  43)
  
  
  
  
(20 ,  32)
(46 ,  20)
  
  
  
  
(23 ,  57)
  
(26 ,  9)
(50 ,  64)
  
  
(8 ,  64)
  
  
  
(11 ,  2)
(54 ,  4)
(27 ,  56)
(49 ,  39)
  
  
  
  
(20 ,  43)
  
(56 ,  1)
(50 ,  66)
(31 ,  9)
  
(45 ,  48)
  
  
  
  
  
  
(61 ,  35)
  
  
  
  
  
  
  
(25 ,  60)
  
  
(55 ,  20)
  
  
  
  
(44 ,  46)
(42 ,  48)
  
(37 ,  19)
  
  
  
  
(50 ,  29)
  
  
(36 ,  15)
  
(60 ,  13)
  
(67 ,  21)
(45 ,  17)
(15 ,  23)
(19 ,  4)
(13 ,  38)
  
  
(54 ,  45)
(35 ,  56)
(68 ,  6)
  
  
(66 ,  61)
  
  
  
(25 ,  16)
(51 ,  34)
(30 ,  37)
  
(56 ,  27)
  
(17 ,  26)
(6 ,  7)
(44 ,  20)
  
  
  
(56 ,  63)
(3 ,  3)
(8 ,  15)
(33 ,  26)
(32 ,  1)
  
(31 ,  22)
(31 ,  41)
(52 ,  61)
(37 ,  20)
  
  
  
(38 ,  64)
  
  
  
  
(28 ,  65)
  
  
(41 ,  31)
  
(14 ,  59)
  
  
(29 ,  23)
(54 ,  49)
(3 ,  4)
  
(41 ,  9)
  
  
  
  
(45 ,  50)
  
(33 ,  41)
(25 ,  46)
  
(20 ,  3)
(12 ,  41)
(44 ,  43)
  
(15 ,  12)
  
(18 ,  16)
(21 ,  65)
(54 ,  65)
  
(29 ,  20)
(50 ,  16)
  
  
  
  
  
(27 ,  18)
(50 ,  1)
  
(58 ,  9)
  
  
(50 ,  34)
  
  
  
(65 ,  2)
  
  
  
(59 ,  63)
(62 ,  32)
(68 ,  9)
  
  
(44 ,  18)
  
(12 ,  1)
  
  
  
(35 ,  54)
  
(50 ,  14)
(27 ,  0)
(36 ,  45)
  
(68 ,  43)
  
  
(19 ,  30)
  
(33 ,  18)
  
(19 ,  0)
  
  
(1 ,  32)
  
(63 ,  60)
(8 ,  55)
(9 ,  12)
(30 ,  59)
(12 ,  15)
(11 ,  9)
  
(0 ,  55)
(53 ,  16)
  
  
  
(56 ,  39)
(2 ,  45)
(0 ,  20)
(55 ,  62)
(1 ,  68)
(47 ,  54)
(9 ,  9)
  
(64 ,  63)
  
(5 ,  67)
(59 ,  6)
(68 ,  35)
(18 ,  60)
  
  
  
(19 ,  56)
  
(61 ,  65)
  
  
(49 ,  33)
  
  
  
  
(60 ,  67)
(24 ,  59)
  
  
  
  
  
  
(12 ,  60)
  
(56 ,  58)
(1 ,  37)
(13 ,  7)
  
(43 ,  10)
(18 ,  26)
(41 ,  58)
  
(42 ,  66)
(7 ,  10)
(19 ,  67)
  
  
  
(55 ,  42)
  
  
(30 ,  63)
(64 ,  36)
(57 ,  19)
(44 ,  60)
  
  
  
  
(51 ,  15)
(8 ,  30)
  
  
  
  
(26 ,  1)
(18 ,  29)
  
(15 ,  40)
  
  
(63 ,  62)
(62 ,  36)
(20 ,  51)
(42 ,  57)
  
  
(2 ,  63)
  
  
(13 ,  62)
  
  
(51 ,  46)
  
  
  
  
  
(22 ,  64)
(27 ,  54)
(42 ,  3)
  
(43 ,  4)
(36 ,  65)
(44 ,  34)
(14 ,  23)
(7 ,  36)
  
  
  
(26 ,  65)
(57 ,  60)
  
  
(20 ,  7)
  
  
(53 ,  8)
(20 ,  44)
  
  
(29 ,  57)
  
  
  
  
  
(68 ,  57)
  
  
  
(5 ,  37)
  
(46 ,  58)
  
  
  
(47 ,  16)
  
(32 ,  46)
  
(41 ,  4)
  
(56 ,  35)
(42 ,  16)
  
  
  
  
(56 ,  33)
  
(65 ,  1)
(53 ,  29)
  
(63 ,  29)
(67 ,  44)
  
  
  
  
(23 ,  8)
  
(38 ,  68)
(31 ,  32)
  
  
  
(39 ,  4)
  
  
  
  
  
(51 ,  29)
  
  
(54 ,  62)
(44 ,  26)
  
(57 ,  52)
  
(24 ,  63)
  
(3 ,  29)
(41 ,  33)
  
  
  
(22 ,  1)
  
(41 ,  13)
(68 ,  44)
  
(0 ,  19)
  
  
  
(59 ,  47)
  
(21 ,  41)
(11 ,  46)
  
(65 ,  40)
(33 ,  40)
(22 ,  35)
(45 ,  47)
(53 ,  40)
  
  
  
  
  
(59 ,  37)
(7 ,  0)
  
(18 ,  1)
(24 ,  62)
(27 ,  4)
(37 ,  46)
(59 ,  26)
(54 ,  10)
  
  
  
  
(48 ,  14)
  
(27 ,  17)
(36 ,  50)
(35 ,  12)
  
  
  
  
  
(28 ,  35)
  
  
  
  
(25 ,  50)
  
  
(34 ,  53)
  
(16 ,  55)
(49 ,  32)
(0 ,  0)
  
(29 ,  29)
(48 ,  34)
  
  
  
(59 ,  57)
(27 ,  22)
(19 ,  43)
  
(54 ,  13)
(63 ,  61)
(3 ,  15)
(57 ,  53)
  
  
  
  
(49 ,  22)
(28 ,  38)
(34 ,  38)
  
  
  
  
(10 ,  35)
  
  
(49 ,  16)
(45 ,  10)
(53 ,  14)
(43 ,  52)
  
  
  
(1 ,  15)
  
(7 ,  29)
(61 ,  15)
(67 ,  22)
(46 ,  59)
(37 ,  67)
  
  
  
  
(21 ,  8)
(22 ,  34)
  
(44 ,  1)
(5 ,  5)
  
(58 ,  10)
(6 ,  42)
  
  
(63 ,  9)
  
  
  
  
(19 ,  62)
(2 ,  28)
  
(28 ,  26)
  
  
(39 ,  34)
  
(49 ,  9)
(34 ,  15)
(8 ,  16)
  
(34 ,  19)
  
  
  
  
(25 ,  66)
  
  
  
(35 ,  2)
  
  
(38 ,  5)
(2 ,  59)
  
  
  
  
(20 ,  16)
(43 ,  45)
  
(27 ,  39)
  
  
  
(8 ,  65)
(67 ,  23)
  
(66 ,  47)
  
(59 ,  9)
(5 ,  40)
  
  
(26 ,  16)
(66 ,  62)
  
  
  
(36 ,  8)
  
  
  
  
(67 ,  27)
  
(12 ,  68)
  
  
(57 ,  30)
  
  
  
(6 ,  61)
  
(63 ,  2)
  
  
(16 ,  57)
  
  
(4 ,  3)
(21 ,  55)
  
(31 ,  56)
(37 ,  56)
  
  
  
(53 ,  39)
  
(17 ,  67)
  
  
  
  
(54 ,  40)
  
(1 ,  7)
  
  
(25 ,  36)
  
(12 ,  14)
(62 ,  66)
  
(68 ,  18)
(27 ,  13)
  
  
(5 ,  50)
  
(1 ,  60)
(40 ,  4)
  
(36 ,  19)
(7 ,  35)
  
  
  
  
(45 ,  55)
(5 ,  20)
  
(62 ,  17)
(66 ,  12)
(0 ,  9)
  
(13 ,  6)
(68 ,  29)
(26 ,  3)
  
(4 ,  44)
(46 ,  29)
(50 ,  46)
  
  
  
  
  
(46 ,  43)
  
  
  
  
  
  
  
  
(59 ,  25)
  
(6 ,  57)
(55 ,  13)
  
  
  
  
  
(27 ,  58)
(38 ,  22)
(53 ,  61)
(42 ,  54)
  
  
(57 ,  43)
  
(9 ,  64)
  
(59 ,  38)
  
  
(63 ,  50)
(16 ,  31)
  
  
(18 ,  62)
  
(43 ,  0)
(9 ,  29)
  
(14 ,  54)
(20 ,  27)
(41 ,  35)
  
  
  
(49 ,  12)
(33 ,  65)
  
(8 ,  13)
  
(20 ,  24)
  
(2 ,  13)
  
  
(48 ,  36)
  
  
(65 ,  17)
(40 ,  38)
  
(1 ,  43)
(54 ,  6)
  
(58 ,  67)
(53 ,  36)
  
  
  
  
(17 ,  65)
(39 ,  61)
(19 ,  47)
  
(33 ,  53)
(54 ,  11)
(65 ,  49)
(26 ,  51)
(26 ,  61)
  
  
(48 ,  11)
  
(37 ,  49)
(56 ,  0)
(37 ,  12)
  
  
(34 ,  61)
(24 ,  1)
  
(59 ,  67)
  
  
(50 ,  12)
  
(65 ,  15)
(15 ,  4)
(39 ,  22)
  
  
  
  
(26 ,  2)
(42 ,  17)
  
  
(61 ,  64)
(9 ,  52)
  
(36 ,  11)
(53 ,  0)
(64 ,  43)
  
(52 ,  2)
  
  
(29 ,  36)
  
(6 ,  52)
(0 ,  18)
  
(4 ,  5)
  
(7 ,  33)
(23 ,  29)
(58 ,  12)
  
  
(18 ,  0)
(9 ,  50)
  
(53 ,  62)
  
  
  
  
  
(21 ,  66)
  
  
(61 ,  67)
  
(66 ,  57)
(44 ,  4)
(14 ,  17)
(63 ,  13)
  
(18 ,  34)
  
  
(40 ,  28)
(13 ,  24)
  
(7 ,  37)
(43 ,  57)
(3 ,  38)
(20 ,  17)
(25 ,  9)
  
  
  
(28 ,  49)
(8 ,  68)
  
  
(4 ,  62)
(50 ,  26)
  
(0 ,  16)
  
  
(61 ,  55)
(16 ,  4)
(24 ,  0)
  
  
(53 ,  5)
  
  
(6 ,  11)
(40 ,  30)
(44 ,  47)
(56 ,  62)
  
  
  
  
  
(54 ,  41)
(57 ,  38)
  
  
  
(32 ,  17)
  
(42 ,  9)
  
  
(26 ,  13)
  
(4 ,  37)
(28 ,  67)
  
(44 ,  62)
(34 ,  4)
  
  
(59 ,  41)
  
  
  
  
  
  
  
(41 ,  14)
(59 ,  8)
  
(6 ,  2)
  
  
(16 ,  44)
  
(22 ,  23)
  
  
(33 ,  36)
  
  
(25 ,  19)
  
  
  
  
  
(29 ,  31)
(17 ,  55)
(67 ,  54)
(68 ,  1)
  
  
(31 ,  62)
  
(52 ,  63)
  
(52 ,  42)
  
  
(42 ,  19)
  
  
  
(24 ,  30)
  
  
  
  
(21 ,  9)
(24 ,  36)
  
  
  
(15 ,  44)
  
  
(4 ,  58)
(41 ,  59)
(63 ,  40)
  
  
(36 ,  24)
  
  
  
  
  
(42 ,  10)
(26 ,  19)
(13 ,  28)
  
  
(19 ,  57)
  
  
  
(14 ,  62)
(29 ,  35)
(33 ,  67)
  
(62 ,  7)
  
  
  
(65 ,  24)
(67 ,  47)
(17 ,  24)
  
(27 ,  42)
  
(30 ,  17)
  
  
(59 ,  66)
(45 ,  57)
(63 ,  18)
  
(44 ,  15)
(17 ,  23)
  
(32 ,  52)
  
(63 ,  38)
  
(7 ,  56)
  
  
  
  
(0 ,  3)
  
(27 ,  59)
  
(6 ,  22)
(60 ,  28)
(63 ,  10)
(52 ,  55)
(6 ,  56)
  
  
  
  
  
(52 ,  30)
  
(12 ,  13)
  
  
  
  
(27 ,  66)
  
(23 ,  35)
  
  
  
  
(66 ,  15)
(5 ,  25)
  
(43 ,  59)
  
(11 ,  17)
(51 ,  4)
(68 ,  60)
  
(55 ,  2)
  
(62 ,  64)
  
(4 ,  43)
(37 ,  8)
(48 ,  60)
  
  
(49 ,  5)
  
  
  
(32 ,  6)
  
(57 ,  27)
(24 ,  48)
  
  
  
(35 ,  5)
  
(2 ,  4)
(59 ,  60)
(19 ,  18)
  
(16 ,  6)
  
(9 ,  63)
(52 ,  0)
(27 ,  15)
(56 ,  29)
  
  
  
(43 ,  56)
  
  
  
  
(44 ,  24)
(45 ,  45)
  
  
  
  
(11 ,  41)
(58 ,  56)
  
(9 ,  55)
  
  
  
  
(16 ,  66)
(62 ,  20)
  
  
(37 ,  53)
(36 ,  6)
(53 ,  34)
  
(30 ,  64)
(66 ,  0)
  
  
  
  
  
(36 ,  48)
  
  
  
  
  
  
  
(8 ,  0)
(21 ,  10)
  
  
  
(10 ,  16)
(30 ,  18)
(48 ,  48)
(3 ,  57)
  
(43 ,  60)
(46 ,  9)
(37 ,  26)
  
  
(36 ,  5)
(58 ,  32)
(12 ,  33)
  
  
  
(8 ,  31)
  
(59 ,  61)
  
  
  
  
  
(59 ,  58)
  
(29 ,  9)
  
(34 ,  54)
(51 ,  59)
  
(63 ,  68)
  
(58 ,  47)
  
  
(39 ,  57)
  
(18 ,  35)
(38 ,  17)
  
  
(55 ,  10)
(36 ,  43)
(13 ,  63)
(49 ,  56)
  
(43 ,  41)
(65 ,  4)
  
(5 ,  23)
  
(14 ,  32)
  
  
  
(44 ,  64)
(60 ,  1)
  
  
(25 ,  17)
(31 ,  58)
  
(39 ,  49)
(17 ,  28)
  
  
(20 ,  28)
(48 ,  19)
  
  
(42 ,  52)
(9 ,  2)
  
(48 ,  6)
(10 ,  2)
  
(52 ,  37)
  
  
(24 ,  26)
(65 ,  19)
(44 ,  14)
  
  
(42 ,  59)
  
  
(38 ,  16)
  
  
(59 ,  12)
  
(5 ,  14)
(62 ,  12)
  
(18 ,  52)
  
  
  
  
  
  
(66 ,  26)
(49 ,  42)
  
  
  
  
  
  
  
(46 ,  5)
  
(10 ,  60)
(68 ,  55)
  
(60 ,  11)
  
(5 ,  63)
(23 ,  11)
  
  
  
  
(26 ,  54)
(50 ,  40)
  
(32 ,  61)
  
(22 ,  17)
(3 ,  64)
  
(32 ,  62)
  
  
  
  
(34 ,  33)
  
(62 ,  42)
(41 ,  44)
  
  
  
  
  
  
  
(6 ,  13)
(36 ,  12)
  
  
(58 ,  60)
  
  
  
(62 ,  43)
  
(37 ,  37)
(22 ,  16)
  
(32 ,  37)
(23 ,  40)
  
  
(40 ,  66)
(13 ,  2)
  
  
(55 ,  16)
(61 ,  18)
  
(28 ,  47)
(52 ,  44)
(14 ,  5)
  
(35 ,  50)
  
  
(14 ,  47)
(40 ,  25)
(58 ,  37)
(62 ,  34)
  
(19 ,  19)
(52 ,  23)
  
(22 ,  56)
  
  
(38 ,  34)
(19 ,  44)
(61 ,  33)
(31 ,  29)
(29 ,  37)
(5 ,  12)
(33 ,  21)
(29 ,  24)
  
(39 ,  15)
  
  
  
  
(2 ,  7)
  
(68 ,  12)
  
  
  
(47 ,  44)
  
  
(11 ,  52)
(42 ,  6)
  
(65 ,  68)
  
  
  
(39 ,  37)
(37 ,  68)
  
(60 ,  30)
(65 ,  22)
  
(32 ,  16)
(35 ,  41)
(33 ,  29)
(59 ,  51)
(42 ,  30)
(4 ,  64)
(54 ,  47)
  
  
  
  
(9 ,  32)
(48 ,  38)
(13 ,  50)
(9 ,  56)
  
(33 ,  61)
  
(62 ,  9)
(54 ,  68)
  
(35 ,  51)
  
(23 ,  54)
(45 ,  36)
(18 ,  37)
(17 ,  41)
  
(7 ,  51)
  
  
(45 ,  7)
  
(25 ,  31)
  
  
  
(26 ,  49)
(67 ,  34)
(3 ,  11)
(28 ,  5)
(68 ,  36)
(39 ,  48)
(1 ,  48)
  
  
  
  
  
(67 ,  8)
  
  
  
  
  
  
  
  
  
(19 ,  21)
(65 ,  35)
  
  
(50 ,  15)
(6 ,  59)
  
(14 ,  56)
  
(13 ,  32)
  
(67 ,  55)
(27 ,  16)
  
(32 ,  32)
  
(63 ,  25)
  
  
  
  
(68 ,  0)
(65 ,  55)
  
  
  
(56 ,  28)
  
  
  
  
(50 ,  30)
(2 ,  68)
  
(5 ,  34)
  
  
  
(41 ,  46)
(22 ,  36)
(44 ,  3)
(30 ,  12)
(24 ,  20)
(53 ,  27)
(41 ,  57)
  
  
(8 ,  7)
  
  
(9 ,  10)
  
  
  
  
(37 ,  32)
(20 ,  34)
(42 ,  43)
(63 ,  65)
(22 ,  6)
(15 ,  2)
(59 ,  19)
(38 ,  20)
  
(37 ,  48)
  
(15 ,  27)
(35 ,  4)
  
  
  
(34 ,  34)
  
(23 ,  37)
  
(56 ,  2)
(64 ,  33)
(58 ,  19)
(43 ,  68)
(54 ,  64)
(27 ,  9)
  
  
(42 ,  25)
  
(32 ,  47)
  
  
(47 ,  17)
(29 ,  67)
  
  
  
  
(44 ,  45)
(34 ,  46)
  
  
(5 ,  2)
(54 ,  5)
(7 ,  50)
(45 ,  63)
  
  
  
  
  
  
  
(37 ,  24)
(64 ,  35)
  
  
(42 ,  42)
(67 ,  2)
  
(65 ,  23)
  
  
  
(12 ,  11)
(58 ,  61)
(10 ,  29)
  
  
  
  
(19 ,  58)
  
(64 ,  45)
(35 ,  17)
(24 ,  7)
(5 ,  66)
(68 ,  39)
(63 ,  28)
  
(55 ,  6)
  
(54 ,  14)
  
(47 ,  15)
  
(34 ,  64)
  
  
  
(56 ,  32)
(5 ,  41)
(41 ,  40)
  
  
  
  
(30 ,  67)
(39 ,  1)
(52 ,  31)
